16 0.43203125 0.60390625 0.1453125 0.2140625
16 0.55625 0.6734375 0.1453125 0.1984375
16 0.67890625 0.71875 0.15625 0.2
16 0.80234375 0.77109375 0.15 0.196875
16 0.93515625 0.46171875 0.1296875 0.1453125
16 0.8171875 0.4046875 0.1609375 0.14375
16 0.6953125 0.371875 0.1453125 0.1546875
16 0.5625 0.325 0.1578125 0.1484375
16 0.490625 0.4625 0.1390625 0.16875
16 0.59296875 0.52109375 0.14375 0.1609375
16 0.5984375 0.165625 0.1453125 0.1703125
16 0.71875 0.2 0.1234375 0.1625
16 0.725 0.54296875 0.1421875 0.15625
16 0.8390625 0.58984375 0.175 0.1734375