16 0.284375 0.57578125 0.15 0.1734375
16 0.24375 0.734375 0.134375 0.21875
16 0.103125 0.6140625 0.1765625 0.21875
16 0.10078125 0.38671875 0.16875 0.128125
16 0.203125 0.3796875 0.14375 0.190625
16 0.321875 0.40703125 0.178125 0.1859375
16 0.40390625 0.48046875 0.19375 0.196875
16 0.44765625 0.62265625 0.2015625 0.2359375
16 0.3921875 0.8046875 0.215625 0.2
16 0.5515625 0.78671875 0.2140625 0.228125
16 0.70625 0.71640625 0.1859375 0.2859375
16 0.86953125 0.58359375 0.184375 0.21875
16 0.91015625 0.43359375 0.1796875 0.2078125
16 0.7890625 0.421875 0.1296875 0.2234375
16 0.68125 0.4953125 0.1453125 0.221875
16 0.55859375 0.47109375 0.153125 0.1890625
16 0.65546875 0.36171875 0.16875 0.1625
16 0.69609375 0.1671875 0.1515625 0.2015625