16 0.38984375 0.3296875 0.2796875 0.1703125
16 0.509375 0.35078125 0.2578125 0.140625
16 0.66171875 0.378125 0.240625 0.1484375
16 0.76640625 0.26328125 0.2453125 0.13125
16 0.89375 0.1828125 0.18125 0.096875
16 0.4265625 0.18828125 0.1703125 0.115625
16 0.528125 0.21171875 0.1953125 0.11875
16 0.29375 0.28984375 0.240625 0.134375
16 0.215625 0.25390625 0.2484375 0.109375
16 0.26328125 0.11328125 0.1953125 0.0859375
16 0.41875 0.06015625 0.1828125 0.071875
16 0.675 0.10703125 0.1984375 0.0984375