16 0.75625 0.45078125 0.075 0.1484375
16 0.6953125 0.4703125 0.0734375 0.134375
16 0.63671875 0.478125 0.0625 0.15
16 0.571875 0.4734375 0.065625 0.1375
16 0.5234375 0.471875 0.0703125 0.14375
16 0.44296875 0.515625 0.096875 0.153125
16 0.37265625 0.38359375 0.06875 0.1140625
16 0.28515625 0.42109375 0.09375 0.1359375
16 0.421875 0.38359375 0.0703125 0.1234375
16 0.45859375 0.36953125 0.065625 0.1421875
16 0.5078125 0.3703125 0.0578125 0.1375
16 0.5578125 0.365625 0.0703125 0.128125
16 0.665625 0.3625 0.1203125 0.115625
16 0.6609375 0.26015625 0.0796875 0.125
16 0.565625 0.259375 0.0609375 0.1265625
16 0.40625 0.278125 0.1046875 0.140625
16 0.47734375 0.26328125 0.0515625 0.1234375
16 0.5140625 0.27109375 0.075 0.134375