16 0.20703125 0.30078125 0.21875 0.3296875
16 0.3625 0.38515625 0.1609375 0.30625
16 0.34140625 0.57421875 0.2046875 0.2859375
16 0.2875 0.8125 0.225 0.2875
16 0.47265625 0.8375 0.184375 0.275
16 0.62578125 0.82265625 0.171875 0.2875
16 0.7265625 0.71484375 0.2375 0.2671875
16 0.79765625 0.590625 0.1859375 0.253125
16 0.79765625 0.3609375 0.196875 0.3359375
16 0.6390625 0.4734375 0.21875 0.2375
16 0.4796875 0.27890625 0.14375 0.3765625
16 0.19140625 0.58203125 0.1140625 0.290625
16 0.5140625 0.6046875 0.1640625 0.2734375