16 0.44375 0.659375 0.1203125 0.215625
16 0.3515625 0.88203125 0.146875 0.215625
16 0.8109375 0.63046875 0.171875 0.16875
16 0.5484375 0.75859375 0.221875 0.1828125
16 0.53515625 0.60078125 0.153125 0.20625
16 0.603125 0.54140625 0.1609375 0.2046875
16 0.68984375 0.4859375 0.1265625 0.171875
16 0.82734375 0.49296875 0.128125 0.18125
16 0.6453125 0.3015625 0.0875 0.1359375
16 0.69375 0.25703125 0.1046875 0.14375
16 0.36796875 0.4625 0.0703125 0.1875
16 0.41875 0.50859375 0.09375 0.21875
16 0.49140625 0.41953125 0.0953125 0.15
16 0.475 0.26796875 0.1140625 0.0890625
16 0.57734375 0.22109375 0.1203125 0.090625
16 0.45078125 0.31796875 0.1296875 0.0921875
16 0.40859375 0.35859375 0.1484375 0.1078125
16 0.34375 0.259375 0.0765625 0.1109375