16 0.4703125 0.52109375 0.1375 0.1359375
16 0.4515625 0.59921875 0.1171875 0.1609375
16 0.55625 0.63046875 0.1921875 0.153125
16 0.68046875 0.55859375 0.1890625 0.1765625
16 0.5953125 0.41015625 0.121875 0.121875
16 0.8 0.45234375 0.15625 0.1453125
16 0.33359375 0.71875 0.159375 0.1453125
16 0.66328125 0.90390625 0.1703125 0.1921875
16 0.48203125 0.7375 0.203125 0.153125
16 0.64453125 0.7609375 0.171875 0.2109375
16 0.81953125 0.89765625 0.1546875 0.2046875
16 0.765625 0.71015625 0.2078125 0.1390625