16 0.421875 0.60703125 0.0859375 0.190625
16 0.4828125 0.60078125 0.071875 0.20625
16 0.56796875 0.6078125 0.0875 0.2359375
16 0.65703125 0.58828125 0.109375 0.2
16 0.66015625 0.41875 0.0890625 0.165625
16 0.58984375 0.425 0.078125 0.1984375
16 0.5109375 0.4328125 0.0734375 0.1859375
16 0.43203125 0.4390625 0.084375 0.1828125
16 0.45625 0.3 0.090625 0.159375
16 0.51640625 0.28515625 0.08125 0.1640625
16 0.5796875 0.27265625 0.0796875 0.1703125
16 0.640625 0.2890625 0.0765625 0.153125
16 0.6453125 0.1453125 0.071875 0.140625
16 0.590625 0.15390625 0.059375 0.1421875
16 0.53125 0.1578125 0.0703125 0.14375
16 0.48046875 0.1578125 0.0796875 0.14375