16 0.18984375 0.71796875 0.275 0.278125
16 0.3453125 0.8875 0.315625 0.225
16 0.57890625 0.8296875 0.228125 0.3046875
16 0.45625 0.68046875 0.2640625 0.215625
16 0.3765625 0.47578125 0.1875 0.303125
16 0.20859375 0.24140625 0.15625 0.215625
16 0.328125 0.2484375 0.1328125 0.2578125
16 0.55546875 0.40078125 0.1546875 0.1703125
16 0.7484375 0.4640625 0.2015625 0.2625
16 0.78046875 0.66328125 0.3328125 0.2515625
16 0.85390625 0.88671875 0.2796875 0.2265625
16 0.7203125 0.19921875 0.1671875 0.2515625