13 0.1515625 0.2015625 0.1453125 0.1796875
13 0.1234375 0.30546875 0.1703125 0.1578125
13 0.09375 0.41796875 0.1875 0.1671875
13 0.08203125 0.51796875 0.1640625 0.1765625
13 0.07109375 0.6609375 0.1421875 0.20625
13 0.3734375 0.26875 0.1734375 0.1625
13 0.37734375 0.36328125 0.1890625 0.134375
13 0.36171875 0.46875 0.1890625 0.1828125
13 0.340625 0.58203125 0.1984375 0.1875
13 0.32421875 0.72421875 0.209375 0.20625
13 0.62734375 0.303125 0.2078125 0.1890625
13 0.62265625 0.421875 0.2015625 0.175
13 0.62578125 0.53125 0.2 0.1890625
13 0.6234375 0.65546875 0.2125 0.1875
13 0.609375 0.80546875 0.221875 0.2171875
13 0.8921875 0.609375 0.1875 0.221875
13 0.83984375 0.78046875 0.128125 0.3515625
13 0.9375 0.840625 0.125 0.31875