13 0.21796875 0.8421875 0.153125 0.2484375
13 0.41171875 0.8875 0.1453125 0.225
13 0.56484375 0.821875 0.1328125 0.2359375
13 0.74140625 0.8203125 0.140625 0.240625
13 0.8890625 0.77578125 0.1375 0.2234375
13 0.8546875 0.575 0.1234375 0.1796875
13 0.690625 0.61640625 0.11875 0.1859375
13 0.5359375 0.61953125 0.115625 0.184375
13 0.40234375 0.65859375 0.1234375 0.20625
13 0.2453125 0.64296875 0.13125 0.1921875
13 0.7984375 0.384375 0.10625 0.153125
13 0.72421875 0.27421875 0.0875 0.128125
13 0.63671875 0.3984375 0.10625 0.1546875
13 0.53359375 0.43984375 0.1015625 0.171875
13 0.42578125 0.46796875 0.10625 0.16875
13 0.2375 0.4890625 0.1234375 0.165625
13 0.2765625 0.3734375 0.1015625 0.1421875
13 0.37890625 0.34140625 0.1 0.15
13 0.5171875 0.31953125 0.1046875 0.1453125
13 0.6109375 0.27421875 0.103125 0.1375
13 0.6109375 0.17890625 0.084375 0.121875
13 0.51953125 0.121875 0.090625 0.128125
13 0.39296875 0.11875 0.090625 0.121875
13 0.26484375 0.23828125 0.1 0.1421875
13 0.28359375 0.12265625 0.09375 0.1328125