16 0.390625 0.5671875 0.31875 0.1953125
16 0.80546875 0.8890625 0.3890625 0.21875
16 0.725 0.5265625 0.2859375 0.1890625
16 0.78984375 0.41875 0.309375 0.15625
16 0.5046875 0.4609375 0.359375 0.1609375
16 0.23203125 0.62109375 0.25 0.2015625
16 0.10546875 0.34921875 0.1140625 0.165625
16 0.4046875 0.36484375 0.2984375 0.1296875
16 0.23359375 0.28671875 0.225 0.140625
16 0.35546875 0.25 0.1796875 0.1515625
16 0.5828125 0.2703125 0.1609375 0.1703125
16 0.75078125 0.28359375 0.2296875 0.134375
16 0.65234375 0.19765625 0.2421875 0.15