16 0.403125 0.54921875 0.1078125 0.1875
16 0.5171875 0.52890625 0.1890625 0.109375
16 0.68359375 0.5328125 0.1328125 0.2046875
16 0.809375 0.50625 0.15625 0.171875
16 0.8578125 0.434375 0.140625 0.1875
16 0.628125 0.35078125 0.121875 0.159375
16 0.64765625 0.22578125 0.140625 0.109375
16 0.90546875 0.21640625 0.1703125 0.1125
16 0.9171875 0.3390625 0.1625 0.15625
16 0.453125 0.346875 0.134375 0.1890625
16 0.34453125 0.28515625 0.13125 0.134375
16 0.509375 0.22109375 0.1109375 0.121875
16 0.40859375 0.2140625 0.1234375 0.1078125