16 0.46875 0.403125 0.1953125 0.228125
16 0.44609375 0.559375 0.2140625 0.140625
16 0.609375 0.6203125 0.240625 0.1875
16 0.8015625 0.6421875 0.1984375 0.215625
16 0.909375 0.640625 0.18125 0.228125
16 0.36484375 0.784375 0.2796875 0.184375
16 0.3875 0.20625 0.2375 0.11875
16 0.42265625 0.26328125 0.2609375 0.14375
16 0.6171875 0.17890625 0.259375 0.0828125
16 0.8203125 0.16484375 0.1890625 0.1140625
16 0.8390625 0.2484375 0.1359375 0.1484375
16 0.72421875 0.31640625 0.2234375 0.0953125
16 0.575 0.34140625 0.2015625 0.1265625
16 0.73671875 0.40546875 0.203125 0.1296875
16 0.86484375 0.4484375 0.159375 0.2109375