16 0.4046875 0.73671875 0.1578125 0.284375
16 0.2203125 0.7328125 0.1953125 0.2359375
16 0.3359375 0.55078125 0.1359375 0.25
16 0.4265625 0.51328125 0.1140625 0.2265625
16 0.5328125 0.496875 0.1578125 0.2546875
16 0.6359375 0.52109375 0.1375 0.246875
16 0.77890625 0.61640625 0.184375 0.26875
16 0.53671875 0.7734375 0.1390625 0.3140625
16 0.2390625 0.47109375 0.1390625 0.2703125
16 0.2015625 0.29375 0.1546875 0.19375
16 0.34140625 0.34296875 0.1265625 0.215625
16 0.425 0.2296875 0.0984375 0.20625
16 0.5140625 0.30234375 0.1453125 0.2046875
16 0.6203125 0.34609375 0.13125 0.178125
16 0.73125 0.378125 0.125 0.1984375
16 0.26640625 0.096875 0.134375 0.1609375