16 0.228125 0.48671875 0.1578125 0.134375
16 0.28828125 0.6109375 0.1359375 0.1796875
16 0.48828125 0.59765625 0.1390625 0.1640625
16 0.803125 0.53359375 0.184375 0.23125
16 0.9328125 0.47890625 0.134375 0.2359375
16 0.85625 0.29765625 0.1296875 0.1609375
16 0.759375 0.1953125 0.1453125 0.1421875
16 0.69140625 0.275 0.109375 0.1625
16 0.5875 0.23359375 0.1046875 0.215625
16 0.53046875 0.38203125 0.08125 0.2046875
16 0.39453125 0.2078125 0.1375 0.1234375
16 0.42265625 0.31328125 0.10625 0.190625
16 0.4 0.434375 0.134375 0.190625
16 0.47890625 0.1640625 0.0796875 0.14375
16 0.53046875 0.13125 0.078125 0.1453125