0 0.8545673076923077 0.2704326923076923 0.25 0.23076923076923078
0 0.8930288461538461 0.4579326923076923 0.21394230769230768 0.21394230769230768
0 0.8834134615384616 0.6298076923076923 0.22596153846153846 0.20673076923076922
0 0.5432692307692307 0.38822115384615385 0.2091346153846154 0.21634615384615385
0 0.41346153846153844 0.19110576923076922 0.23317307692307693 0.22355769230769232
0 0.6189903846153846 0.22355769230769232 0.22596153846153846 0.22355769230769232
0 0.35216346153846156 0.5360576923076923 0.22115384615384615 0.20432692307692307
0 0.5348557692307693 0.5709134615384616 0.19951923076923078 0.20673076923076922
0 0.46634615384615385 0.7271634615384616 0.22115384615384615 0.18028846153846154
0 0.2860576923076923 0.6911057692307693 0.21875 0.18990384615384615
0 0.17307692307692307 0.4951923076923077 0.20432692307692307 0.19951923076923078
0 0.19230769230769232 0.31490384615384615 0.21394230769230768 0.21634615384615385