0 0.22716346153846154 0.2764423076923077 0.23317307692307693 0.21153846153846154
0 0.13341346153846154 0.45072115384615385 0.22355769230769232 0.19471153846153846
0 0.11177884615384616 0.6237980769230769 0.22355769230769232 0.18990384615384615
0 0.5108173076923077 0.46274038461538464 0.19230769230769232 0.19951923076923078
0 0.6850961538461539 0.2980769230769231 0.21875 0.20432692307692307
0 0.47115384615384615 0.28365384615384615 0.2091346153846154 0.20673076923076922
0 0.6646634615384616 0.6550480769230769 0.20673076923076922 0.1875
0 0.47716346153846156 0.6478365384615384 0.18269230769230768 0.19230769230769232
0 0.5096153846153846 0.8185096153846154 0.2091346153846154 0.16105769230769232
0 0.6959134615384616 0.8245192307692307 0.20432692307692307 0.17307692307692307
0 0.8533653846153846 0.6550480769230769 0.18990384615384615 0.18269230769230768
0 0.875 0.4723557692307692 0.1971153846153846 0.19951923076923078