0 0.1622596153846154 0.6586538461538461 0.25961538461538464 0.24278846153846154
0 0.12379807692307693 0.46875 0.24759615384615385 0.22596153846153846
0 0.14903846153846154 0.296875 0.25721153846153844 0.22355769230769232
0 0.48197115384615385 0.5649038461538461 0.21875 0.22596153846153846
0 0.5973557692307693 0.7692307692307693 0.24519230769230768 0.23317307692307693
0 0.3942307692307692 0.7223557692307693 0.23798076923076922 0.23557692307692307
0 0.6814903846153846 0.42908653846153844 0.23076923076923078 0.21394230769230768
0 0.5024038461538461 0.38221153846153844 0.21153846153846154 0.21634615384615385
0 0.5817307692307693 0.23076923076923078 0.2283653846153846 0.19230769230769232
0 0.7596153846153846 0.27884615384615385 0.22596153846153846 0.20192307692307693
0 0.8569711538461539 0.4831730769230769 0.21394230769230768 0.2091346153846154
0 0.8257211538461539 0.6598557692307693 0.22355769230769232 0.22596153846153846