0 0.17067307692307693 0.1045673076923077 0.1778846153846154 0.2091346153846154
0 0.12860576923076922 0.2127403846153846 0.20432692307692307 0.18990384615384615
0 0.10096153846153846 0.33413461538461536 0.18990384615384615 0.19951923076923078
0 0.078125 0.43990384615384615 0.15625 0.20673076923076922
0 0.05889423076923077 0.59375 0.11778846153846154 0.23557692307692307
0 0.4050480769230769 0.20072115384615385 0.20673076923076922 0.1971153846153846
0 0.39783653846153844 0.30408653846153844 0.22115384615384615 0.16826923076923078
0 0.36899038461538464 0.4170673076923077 0.22596153846153846 0.22115384615384615
0 0.3329326923076923 0.5384615384615384 0.23557692307692307 0.22596153846153846
0 0.29927884615384615 0.6899038461538461 0.25 0.24759615384615385
0 0.6766826923076923 0.26802884615384615 0.24759615384615385 0.2283653846153846
0 0.6574519230769231 0.39663461538461536 0.23798076923076922 0.21394230769230768
0 0.6478365384615384 0.515625 0.23798076923076922 0.2283653846153846
0 0.6322115384615384 0.6502403846153846 0.25240384615384615 0.2283653846153846
0 0.5985576923076923 0.8112980769230769 0.2668269230769231 0.2620192307692308
0 0.90625 0.6274038461538461 0.1875 0.25961538461538464
0 0.8533653846153846 0.8052884615384616 0.1778846153846154 0.3894230769230769
0 0.921875 0.8533653846153846 0.11298076923076923 0.2932692307692308