5 0.21875 0.5637019230769231 0.1466346153846154 0.19230769230769232
5 0.4254807692307692 0.6201923076923077 0.18269230769230768 0.19471153846153846
5 0.578125 0.5769230769230769 0.21634615384615385 0.16346153846153846
5 0.7271634615384616 0.7115384615384616 0.19230769230769232 0.12740384615384615
5 0.28365384615384615 0.78125 0.16346153846153846 0.17307692307692307
5 0.17548076923076922 0.7716346153846154 0.17067307692307693 0.15144230769230768
5 0.17427884615384615 0.6899038461538461 0.16826923076923078 0.19471153846153846
5 0.5432692307692307 0.7572115384615384 0.11057692307692307 0.15144230769230768
5 0.6117788461538461 0.7331730769230769 0.11778846153846154 0.12740384615384615
5 0.3762019230769231 0.7127403846153846 0.15384615384615385 0.14903846153846154
5 0.3786057692307692 0.8100961538461539 0.13221153846153846 0.10817307692307693
5 0.6069711538461539 0.8449519230769231 0.14182692307692307 0.1346153846153846