5 0.5877403846153846 0.4326923076923077 0.1778846153846154 0.23076923076923078
5 0.47596153846153844 0.49399038461538464 0.23317307692307693 0.18028846153846154
5 0.30408653846153844 0.5492788461538461 0.2091346153846154 0.25961538461538464
5 0.18269230769230768 0.6225961538461539 0.22355769230769232 0.23317307692307693
5 0.15745192307692307 0.7127403846153846 0.21153846153846154 0.24278846153846154
5 0.4254807692307692 0.7175480769230769 0.18269230769230768 0.2091346153846154
5 0.4495192307692308 0.8545673076923077 0.18509615384615385 0.16346153846153846
5 0.203125 0.9338942307692307 0.18028846153846154 0.13221153846153846
5 0.15264423076923078 0.8257211538461539 0.18028846153846154 0.20432692307692307
5 0.6069711538461539 0.6598557692307693 0.20673076923076922 0.24278846153846154
5 0.7415865384615384 0.6850961538461539 0.18269230769230768 0.18509615384615385
5 0.59375 0.8100961538461539 0.15865384615384615 0.1658653846153846
5 0.7007211538461539 0.7800480769230769 0.1658653846153846 0.15625