12 0.515625 0.49158653846153844 0.96875 0.9831730769230769
12 0.3016826923076923 0.3425480769230769 0.1778846153846154 0.2091346153846154
12 0.20072115384615385 0.17427884615384615 0.1778846153846154 0.2091346153846154
12 0.36658653846153844 0.19591346153846154 0.16105769230769232 0.18028846153846154
12 0.43990384615384615 0.6646634615384616 0.2091346153846154 0.24278846153846154
12 0.8641826923076923 0.47836538461538464 0.22596153846153846 0.25
12 0.8629807692307693 0.6802884615384616 0.18990384615384615 0.20673076923076922
12 0.7199519230769231 0.6598557692307693 0.23076923076923078 0.24759615384615385
12 0.6033653846153846 0.5721153846153846 0.20432692307692307 0.24519230769230768
12 0.8605769230769231 0.33413461538461536 0.21875 0.22355769230769232
12 0.5288461538461539 0.359375 0.18028846153846154 0.24759615384615385
12 0.21514423076923078 0.7439903846153846 0.22596153846153846 0.21875
12 0.15144230769230768 0.47596153846153844 0.17307692307692307 0.20432692307692307
12 0.5108173076923077 0.13221153846153846 0.19471153846153846 0.1971153846153846