5 0.14423076923076922 0.6310096153846154 0.28125 0.2764423076923077
5 0.296875 0.7572115384615384 0.15384615384615385 0.1875
5 0.421875 0.6225961538461539 0.18028846153846154 0.2091346153846154
5 0.3293269230769231 0.5865384615384616 0.15625 0.19230769230769232
5 0.515625 0.8353365384615384 0.2403846153846154 0.0985576923076923
5 0.6069711538461539 0.7752403846153846 0.14903846153846154 0.17307692307692307
5 0.5973557692307693 0.6586538461538461 0.23076923076923078 0.1466346153846154
5 0.8870192307692307 0.6117788461538461 0.22596153846153846 0.12740384615384615
5 0.42908653846153844 0.4110576923076923 0.1971153846153846 0.1875
5 0.20432692307692307 0.35697115384615385 0.3293269230769231 0.37259615384615385
5 0.5240384615384616 0.21514423076923078 0.22596153846153846 0.13701923076923078