5 0.23557692307692307 0.5180288461538461 0.20673076923076922 0.22596153846153846
5 0.1502403846153846 0.359375 0.20192307692307693 0.2692307692307692
5 0.07692307692307693 0.5180288461538461 0.15384615384615385 0.2668269230769231
5 0.11658653846153846 0.7620192307692307 0.15865384615384615 0.16826923076923078
5 0.20072115384615385 0.7475961538461539 0.20432692307692307 0.2403846153846154
5 0.31971153846153844 0.6875 0.2403846153846154 0.24519230769230768
5 0.38822115384615385 0.5877403846153846 0.25961538461538464 0.2620192307692308
5 0.39663461538461536 0.42427884615384615 0.2764423076923077 0.30528846153846156
5 0.28846153846153844 0.2439903846153846 0.28365384615384615 0.27163461538461536
5 0.4639423076923077 0.22115384615384615 0.28846153846153844 0.3004807692307692
5 0.6478365384615384 0.2548076923076923 0.27403846153846156 0.3557692307692308
5 0.8569711538461539 0.35336538461538464 0.2548076923076923 0.28125
5 0.9074519230769231 0.5048076923076923 0.18509615384615385 0.2644230769230769
5 0.8137019230769231 0.546875 0.1971153846153846 0.27163461538461536
5 0.6802884615384616 0.49759615384615385 0.21394230769230768 0.2764423076923077
5 0.5564903846153846 0.5552884615384616 0.21394230769230768 0.24278846153846154
5 0.6875 0.6478365384615384 0.22355769230769232 0.21875
5 0.7800480769230769 0.8389423076923077 0.21394230769230768 0.2403846153846154