5 0.8461538461538461 0.7019230769230769 0.2403846153846154 0.3581730769230769
5 0.6802884615384616 0.6081730769230769 0.1778846153846154 0.3317307692307692
5 0.7067307692307693 0.4050480769230769 0.22596153846153846 0.31009615384615385
5 0.7692307692307693 0.15504807692307693 0.24759615384615385 0.30528846153846156
5 0.5709134615384616 0.1346153846153846 0.20192307692307693 0.2692307692307692
5 0.4074519230769231 0.14543269230769232 0.18990384615384615 0.29086538461538464
5 0.296875 0.24759615384615385 0.25961538461538464 0.29086538461538464
5 0.21754807692307693 0.3798076923076923 0.20432692307692307 0.27403846153846156
5 0.2127403846153846 0.6262019230769231 0.21875 0.36538461538461536
5 0.3858173076923077 0.5072115384615384 0.23798076923076922 0.25961538461538464
5 0.5528846153846154 0.7199519230769231 0.16105769230769232 0.40625
5 0.8689903846153846 0.39903846153846156 0.12740384615384615 0.31490384615384615
5 0.5228365384615384 0.36899038461538464 0.18269230769230768 0.2956730769230769