5 0.47475961538461536 0.39302884615384615 0.21875 0.21394230769230768
5 0.4855769230769231 0.25721153846153844 0.2283653846153846 0.22596153846153846
5 0.5925480769230769 0.36899038461538464 0.1466346153846154 0.23557692307692307
5 0.3737980769230769 0.484375 0.18509615384615385 0.24519230769230768
5 0.22115384615384615 0.4855769230769231 0.2091346153846154 0.1971153846153846
5 0.1141826923076923 0.65625 0.20192307692307693 0.17067307692307693
5 0.17427884615384615 0.7680288461538461 0.17548076923076922 0.19951923076923078
5 0.6442307692307693 0.4963942307692308 0.17307692307692307 0.18990384615384615
5 0.6057692307692307 0.6225961538461539 0.13942307692307693 0.1971153846153846
5 0.5072115384615384 0.578125 0.17548076923076922 0.18509615384615385
5 0.5012019230769231 0.484375 0.21875 0.1971153846153846
5 0.7764423076923077 0.43028846153846156 0.18509615384615385 0.18990384615384615