5 0.2956730769230769 0.4026442307692308 0.1658653846153846 0.20192307692307693
5 0.5072115384615384 0.375 0.19951923076923078 0.2091346153846154
5 0.6526442307692307 0.43990384615384615 0.22596153846153846 0.18509615384615385
5 0.8185096153846154 0.3269230769230769 0.19951923076923078 0.14903846153846154
5 0.390625 0.1971153846153846 0.1778846153846154 0.18509615384615385
5 0.28125 0.19110576923076922 0.18269230769230768 0.16826923076923078
5 0.2692307692307692 0.27163461538461536 0.1875 0.20673076923076922
5 0.6430288461538461 0.25600961538461536 0.125 0.15625
5 0.7079326923076923 0.28966346153846156 0.12740384615384615 0.13701923076923078
5 0.4723557692307692 0.2764423076923077 0.16826923076923078 0.16346153846153846
5 0.4879807692307692 0.18028846153846154 0.13942307692307693 0.1201923076923077
5 0.71875 0.1778846153846154 0.15384615384615385 0.14903846153846154