5 0.47836538461538464 0.4098557692307692 0.23317307692307693 0.2644230769230769
5 0.43990384615384615 0.5757211538461539 0.24519230769230768 0.17067307692307693
5 0.6105769230769231 0.6574519230769231 0.2764423076923077 0.22596153846153846
5 0.8149038461538461 0.6983173076923077 0.23317307692307693 0.25
5 0.9074519230769231 0.7055288461538461 0.17067307692307693 0.25961538461538464
5 0.3317307692307692 0.8112980769230769 0.31971153846153844 0.22596153846153846
5 0.4098557692307692 0.18990384615384615 0.2668269230769231 0.15144230769230768
5 0.44350961538461536 0.2548076923076923 0.2956730769230769 0.1778846153846154
5 0.6610576923076923 0.18269230769230768 0.2860576923076923 0.11298076923076923
5 0.8798076923076923 0.1875 0.21394230769230768 0.14182692307692307
5 0.8918269230769231 0.27884615384615385 0.16105769230769232 0.17307692307692307
5 0.7620192307692307 0.34134615384615385 0.25 0.125
5 0.5997596153846154 0.35336538461538464 0.2283653846153846 0.15625
5 0.7668269230769231 0.4375 0.23076923076923078 0.15865384615384615
5 0.9014423076923077 0.4963942307692308 0.19230769230769232 0.24278846153846154