5 0.6322115384615384 0.7872596153846154 0.2692307692307692 0.20673076923076922
5 0.34975961538461536 0.7944711538461539 0.32211538461538464 0.22115384615384615
5 0.14783653846153846 0.7608173076923077 0.28846153846153844 0.1875
5 0.07211538461538461 0.6875 0.13942307692307693 0.17548076923076922
5 0.7223557692307693 0.6334134615384616 0.2932692307692308 0.1778846153846154
5 0.7572115384615384 0.515625 0.20673076923076922 0.13942307692307693
5 0.6213942307692307 0.46153846153846156 0.23798076923076922 0.12740384615384615
5 0.2980769230769231 0.47115384615384615 0.2283653846153846 0.11538461538461539
5 0.11057692307692307 0.5216346153846154 0.22115384615384615 0.1201923076923077
5 0.40384615384615385 0.5600961538461539 0.29086538461538464 0.11778846153846154
5 0.2536057692307692 0.6298076923076923 0.25 0.125
5 0.5096153846153846 0.6394230769230769 0.25961538461538464 0.1875