5 0.5540865384615384 0.3629807692307692 0.20192307692307693 0.25961538461538464
5 0.4074519230769231 0.31850961538461536 0.19951923076923078 0.24278846153846154
5 0.26802884615384615 0.296875 0.21153846153846154 0.24759615384615385
5 0.125 0.2704326923076923 0.20192307692307693 0.24278846153846154
5 0.07091346153846154 0.6237980769230769 0.13942307692307693 0.17548076923076922
5 0.19230769230769232 0.6598557692307693 0.20192307692307693 0.1875
5 0.328125 0.6682692307692307 0.18990384615384615 0.1971153846153846
5 0.4795673076923077 0.6875 0.19951923076923078 0.19230769230769232
5 0.5240384615384616 0.5252403846153846 0.18509615384615385 0.2091346153846154
5 0.4026442307692308 0.4879807692307692 0.1875 0.20192307692307693
5 0.47716346153846156 0.8641826923076923 0.19230769230769232 0.21153846153846154
5 0.34134615384615385 0.8545673076923077 0.1658653846153846 0.19951923076923078
5 0.25841346153846156 0.49399038461538464 0.18509615384615385 0.1971153846153846
5 0.12740384615384615 0.4699519230769231 0.22355769230769232 0.22355769230769232