5 0.4987980769230769 0.4338942307692308 0.23557692307692307 0.31490384615384615
5 0.671875 0.5492788461538461 0.19230769230769232 0.29086538461538464
5 0.6526442307692307 0.20793269230769232 0.22115384615384615 0.3076923076923077
5 0.8545673076923077 0.18870192307692307 0.29086538461538464 0.2956730769230769
5 0.37259615384615385 0.15865384615384615 0.2403846153846154 0.3173076923076923
5 0.20673076923076922 0.12379807692307693 0.2644230769230769 0.24759615384615385
5 0.24639423076923078 0.33653846153846156 0.25 0.23076923076923078
5 0.4651442307692308 0.7884615384615384 0.22355769230769232 0.23076923076923078
5 0.5108173076923077 0.6153846153846154 0.19951923076923078 0.2620192307692308
5 0.7463942307692307 0.7632211538461539 0.17548076923076922 0.3125
5 0.6466346153846154 0.8930288461538461 0.13942307692307693 0.21394230769230768
5 0.5697115384615384 0.8569711538461539 0.14423076923076922 0.24759615384615385