5 0.18629807692307693 0.41225961538461536 0.0985576923076923 0.17067307692307693
5 0.25 0.4411057692307692 0.09615384615384616 0.15384615384615385
5 0.3137019230769231 0.4567307692307692 0.08413461538461539 0.17067307692307693
5 0.38461538461538464 0.45913461538461536 0.08653846153846154 0.15625
5 0.4375 0.46153846153846156 0.09375 0.16346153846153846
5 0.5192307692307693 0.5192307692307693 0.12259615384615384 0.1778846153846154
5 0.6117788461538461 0.38341346153846156 0.08653846153846154 0.13221153846153846
5 0.7019230769230769 0.4338942307692308 0.11778846153846154 0.15865384615384615
5 0.5576923076923077 0.37740384615384615 0.09134615384615384 0.14182692307692307
5 0.5192307692307693 0.3581730769230769 0.0889423076923077 0.16105769230769232
5 0.46634615384615385 0.35336538461538464 0.07932692307692307 0.15625
5 0.4110576923076923 0.34375 0.09134615384615384 0.1466346153846154
5 0.29447115384615385 0.3269230769230769 0.14423076923076922 0.13942307692307693
5 0.3125 0.21634615384615385 0.10096153846153846 0.14423076923076922
5 0.41466346153846156 0.22596153846153846 0.07932692307692307 0.14423076923076922
5 0.5865384615384616 0.2644230769230769 0.12980769230769232 0.1658653846153846
5 0.5120192307692307 0.24158653846153846 0.06971153846153846 0.13942307692307693
5 0.4699519230769231 0.24519230769230768 0.09615384615384616 0.15384615384615385