5 0.47475961538461536 0.3137019230769231 0.1346153846153846 0.23798076923076922
5 0.37740384615384615 0.09375 0.16346153846153846 0.1875
5 0.875 0.35216346153846156 0.18990384615384615 0.1875
5 0.5901442307692307 0.20673076923076922 0.24519230769230768 0.20432692307692307
5 0.5733173076923077 0.3786057692307692 0.17067307692307693 0.2283653846153846
5 0.6466346153846154 0.44471153846153844 0.18028846153846154 0.22596153846153846
5 0.7391826923076923 0.5072115384615384 0.14182692307692307 0.18990384615384615
5 0.8894230769230769 0.5024038461538461 0.14182692307692307 0.19951923076923078
5 0.6875 0.7079326923076923 0.0985576923076923 0.15144230769230768
5 0.7391826923076923 0.7584134615384616 0.11778846153846154 0.15865384615384615
5 0.38822115384615385 0.5264423076923077 0.07932692307692307 0.20673076923076922
5 0.44350961538461536 0.47716346153846156 0.10576923076923077 0.2403846153846154
5 0.5216346153846154 0.5757211538461539 0.10817307692307693 0.1658653846153846
5 0.5 0.7415865384615384 0.12740384615384615 0.0985576923076923
5 0.6117788461538461 0.7944711538461539 0.13221153846153846 0.10096153846153846
5 0.47475961538461536 0.6862980769230769 0.14423076923076922 0.10336538461538461
5 0.43028846153846156 0.6418269230769231 0.16346153846153846 0.1201923076923077
5 0.35697115384615385 0.7487980769230769 0.08653846153846154 0.12259615384615384