5 0.45552884615384615 0.6274038461538461 0.2764423076923077 0.3004807692307692
5 0.53125 0.47475961538461536 0.2668269230769231 0.21634615384615385
5 0.38341346153846156 0.35697115384615385 0.31009615384615385 0.27403846153846156
5 0.1935096153846154 0.2704326923076923 0.2764423076923077 0.28846153846153844
5 0.11778846153846154 0.24879807692307693 0.1875 0.27163461538461536
5 0.6899038461538461 0.2704326923076923 0.3485576923076923 0.28365384615384615
5 0.4723557692307692 0.8569711538461539 0.28365384615384615 0.20192307692307693
5 0.4567307692307692 0.7860576923076923 0.3173076923076923 0.23557692307692307
5 0.2283653846153846 0.8088942307692307 0.2932692307692308 0.17067307692307693
5 0.06490384615384616 0.7536057692307693 0.12980769230769232 0.18028846153846154
5 0.05889423076923077 0.6622596153846154 0.11778846153846154 0.19951923076923078
5 0.16346153846153846 0.6310096153846154 0.2620192307692308 0.17307692307692307
5 0.32572115384615385 0.6550480769230769 0.25 0.1971153846153846
5 0.18028846153846154 0.5348557692307693 0.25240384615384615 0.20192307692307693
5 0.09014423076923077 0.4519230769230769 0.18028846153846154 0.2644230769230769