5 0.5 0.5625 0.21634615384615385 0.21394230769230768
5 0.49278846153846156 0.6959134615384616 0.2283653846153846 0.22355769230769232
5 0.3858173076923077 0.5877403846153846 0.1466346153846154 0.23076923076923078
5 0.5997596153846154 0.47115384615384615 0.18509615384615385 0.2403846153846154
5 0.7487980769230769 0.4675480769230769 0.2091346153846154 0.19471153846153846
5 0.8521634615384616 0.29927884615384615 0.19951923076923078 0.16826923076923078
5 0.7896634615384616 0.18870192307692307 0.17307692307692307 0.19951923076923078
5 0.3329326923076923 0.4639423076923077 0.17307692307692307 0.1875
5 0.36899038461538464 0.3401442307692308 0.13942307692307693 0.19471153846153846
5 0.46634615384615385 0.38100961538461536 0.17548076923076922 0.18509615384615385
5 0.47475961538461536 0.4735576923076923 0.21634615384615385 0.1971153846153846
5 0.20432692307692307 0.5300480769230769 0.18509615384615385 0.1875