0 0.28125 0.12980769230769232 0.21153846153846154 0.25961538461538464
0 0.4951923076923077 0.11899038461538461 0.1971153846153846 0.23798076923076922
0 0.6430288461538461 0.20673076923076922 0.18990384615384615 0.2764423076923077
0 0.8293269230769231 0.2439903846153846 0.1971153846153846 0.28365384615384615
0 0.9399038461538461 0.32091346153846156 0.1201923076923077 0.2620192307692308
0 0.8978365384615384 0.5264423076923077 0.1658653846153846 0.21634615384615385
0 0.734375 0.4483173076923077 0.16346153846153846 0.22115384615384615
0 0.5721153846153846 0.41346153846153844 0.15865384615384615 0.21875
0 0.4387019230769231 0.3449519230769231 0.17307692307692307 0.24278846153846154
0 0.2704326923076923 0.3293269230769231 0.1778846153846154 0.23076923076923078
0 0.7992788461538461 0.7151442307692307 0.14423076923076922 0.18269230769230768
0 0.6995192307692307 0.8161057692307693 0.11778846153846154 0.15144230769230768
0 0.6322115384615384 0.6682692307692307 0.14423076923076922 0.18509615384615385
0 0.5324519230769231 0.6033653846153846 0.14182692307692307 0.20192307692307693
0 0.42427884615384615 0.5516826923076923 0.1466346153846154 0.19951923076923078
0 0.22956730769230768 0.49038461538461536 0.16346153846153846 0.19951923076923078
0 0.24759615384615385 0.6201923076923077 0.13701923076923078 0.17067307692307693
0 0.3485576923076923 0.6754807692307693 0.1346153846153846 0.1778846153846154
0 0.49038461538461536 0.7259615384615384 0.14182692307692307 0.17548076923076922
0 0.5805288461538461 0.7932692307692307 0.13701923076923078 0.1658653846153846
0 0.5600961538461539 0.8942307692307693 0.11298076923076923 0.1466346153846154
0 0.4519230769230769 0.9290865384615384 0.1201923076923077 0.14182692307692307
0 0.3161057692307692 0.9098557692307693 0.1201923076923077 0.14182692307692307
0 0.20673076923076922 0.7596153846153846 0.1346153846153846 0.17067307692307693
0 0.20432692307692307 0.8822115384615384 0.125 0.15144230769230768