5 0.4699519230769231 0.5012019230769231 0.18269230769230768 0.18269230769230768
5 0.4735576923076923 0.5877403846153846 0.16826923076923078 0.20192307692307693
5 0.5913461538461539 0.5889423076923077 0.24519230769230768 0.21634615384615385
5 0.6995192307692307 0.47596153846153844 0.25 0.2403846153846154
5 0.5673076923076923 0.3485576923076923 0.16346153846153846 0.16346153846153846
5 0.7932692307692307 0.33052884615384615 0.20673076923076922 0.1971153846153846
5 0.3870192307692308 0.7463942307692307 0.2091346153846154 0.19951923076923078
5 0.7836538461538461 0.8365384615384616 0.23076923076923078 0.2403846153846154
5 0.546875 0.7211538461538461 0.25721153846153844 0.22115384615384615
5 0.7223557692307693 0.6971153846153846 0.24278846153846154 0.27163461538461536
5 0.9170673076923077 0.78125 0.1658653846153846 0.25
5 0.8341346153846154 0.609375 0.25721153846153844 0.20673076923076922