5 0.5 0.5 1 1
5 0.22235576923076922 0.35216346153846156 0.30528846153846156 0.31490384615384615
5 0.1346153846153846 0.21634615384615385 0.2692307692307692 0.3557692307692308
5 0.6826923076923077 0.2247596153846154 0.3269230769230769 0.33413461538461536
5 0.8149038461538461 0.13341346153846154 0.2932692307692308 0.2668269230769231
5 0.703125 0.4519230769230769 0.23317307692307693 0.2980769230769231
5 0.8942307692307693 0.7247596153846154 0.21153846153846154 0.2860576923076923
5 0.2091346153846154 0.6754807692307693 0.3557692307692308 0.33413461538461536
5 0.6033653846153846 0.8834134615384616 0.2644230769230769 0.2091346153846154
5 0.5997596153846154 0.6634615384615384 0.20192307692307693 0.3076923076923077
5 0.4387019230769231 0.4495192307692308 0.23557692307692307 0.22115384615384615
5 0.4699519230769231 0.7211538461538461 0.22596153846153846 0.29086538461538464