5 0.7944711538461539 0.578125 0.20432692307692307 0.1875
5 0.7692307692307693 0.43028846153846156 0.19471153846153846 0.2283653846153846
5 0.5564903846153846 0.38461538461538464 0.19230769230769232 0.21153846153846154
5 0.21033653846153846 0.3581730769230769 0.25961538461538464 0.2956730769230769
5 0.08173076923076923 0.3786057692307692 0.16346153846153846 0.2764423076923077
5 0.08774038461538461 0.5865384615384616 0.17548076923076922 0.20673076923076922
5 0.15504807692307693 0.7223557692307693 0.19471153846153846 0.19230769230769232
5 0.24879807692307693 0.6610576923076923 0.16105769230769232 0.20192307692307693
5 0.3449519230769231 0.734375 0.17307692307692307 0.2548076923076923
5 0.4483173076923077 0.5961538461538461 0.14423076923076922 0.23557692307692307
5 0.5372596153846154 0.8185096153846154 0.18028846153846154 0.16826923076923078
5 0.5396634615384616 0.7007211538461539 0.16826923076923078 0.2283653846153846
5 0.5997596153846154 0.5805288461538461 0.1971153846153846 0.23798076923076922
5 0.4362980769230769 0.8377403846153846 0.125 0.17307692307692307
5 0.3737980769230769 0.8581730769230769 0.125 0.17548076923076922