5 0.8641826923076923 0.6165865384615384 0.27163461538461536 0.39663461538461536
5 0.6947115384615384 0.5540865384615384 0.23076923076923078 0.3605769230769231
5 0.6814903846153846 0.3473557692307692 0.27403846153846156 0.34615384615384615
5 0.6983173076923077 0.12740384615384615 0.29086538461538464 0.2548076923076923
5 0.49759615384615385 0.12740384615384615 0.2403846153846154 0.2548076923076923
5 0.33533653846153844 0.15865384615384615 0.23076923076923078 0.2980769230769231
5 0.2403846153846154 0.2704326923076923 0.30528846153846156 0.3317307692307692
5 0.18870192307692307 0.41586538461538464 0.24759615384615385 0.3076923076923077
5 0.23197115384615385 0.6634615384615384 0.2764423076923077 0.39903846153846156
5 0.38100961538461536 0.5120192307692307 0.28125 0.2980769230769231
5 0.5889423076923077 0.6923076923076923 0.22596153846153846 0.4326923076923077
5 0.8413461538461539 0.31009615384615385 0.1778846153846154 0.33413461538461536
5 0.49038461538461536 0.3473557692307692 0.2283653846153846 0.3245192307692308