5 0.6346153846153846 0.4807692307692308 0.3701923076923077 0.25240384615384615
5 0.24519230769230768 0.11177884615384616 0.4182692307692308 0.22355769230769232
5 0.2692307692307692 0.4795673076923077 0.3317307692307692 0.24278846153846154
5 0.18389423076923078 0.5877403846153846 0.35336538461538464 0.2091346153846154
5 0.49759615384615385 0.5793269230769231 0.40865384615384615 0.22115384615384615
5 0.8125 0.44350961538461536 0.2956730769230769 0.25
5 0.9110576923076923 0.7536057692307693 0.14423076923076922 0.19230769230769232
5 0.5925480769230769 0.6971153846153846 0.3389423076923077 0.1778846153846154
5 0.765625 0.8040865384615384 0.25961538461538464 0.18028846153846154
5 0.6298076923076923 0.8269230769230769 0.21394230769230768 0.1875
5 0.3870192307692308 0.7740384615384616 0.19471153846153846 0.20432692307692307
5 0.2091346153846154 0.7379807692307693 0.2644230769230769 0.17548076923076922
5 0.30288461538461536 0.84375 0.28125 0.19230769230769232