5 0.5516826923076923 0.7956730769230769 0.1778846153846154 0.31490384615384615
5 0.6598557692307693 0.7620192307692307 0.20432692307692307 0.2980769230769231
5 0.7367788461538461 0.8473557692307693 0.18028846153846154 0.23317307692307693
5 0.4675480769230769 0.7860576923076923 0.1971153846153846 0.24759615384615385
5 0.39663461538461536 0.7307692307692307 0.16826923076923078 0.17307692307692307
5 0.3004807692307692 0.7860576923076923 0.20673076923076922 0.21634615384615385
5 0.5192307692307693 0.5372596153846154 0.15144230769230768 0.20432692307692307
5 0.5841346153846154 0.5865384615384616 0.13942307692307693 0.21875
5 0.6526442307692307 0.6117788461538461 0.17307692307692307 0.2620192307692308
5 0.5853365384615384 0.41225961538461536 0.15865384615384615 0.2283653846153846
5 0.5120192307692307 0.4170673076923077 0.14182692307692307 0.21153846153846154
5 0.6334134615384616 0.2776442307692308 0.19471153846153846 0.19951923076923078