5 0.8377403846153846 0.6899038461538461 0.3125 0.32211538461538464
5 0.671875 0.7824519230769231 0.1875 0.21394230769230768
5 0.5769230769230769 0.6262019230769231 0.21875 0.23798076923076922
5 0.6742788461538461 0.6105769230769231 0.19230769230769232 0.21875
5 0.4411057692307692 0.8137019230769231 0.25240384615384615 0.14423076923076922
5 0.36538461538461536 0.7367788461538461 0.18028846153846154 0.1971153846153846
5 0.39903846153846156 0.6237980769230769 0.2548076923076923 0.18990384615384615
5 0.12379807692307693 0.515625 0.24759615384615385 0.17548076923076922
5 0.6141826923076923 0.41947115384615385 0.23076923076923078 0.22355769230769232
5 0.8233173076923077 0.41346153846153844 0.35336538461538464 0.42788461538461536
5 0.5625 0.20673076923076922 0.24759615384615385 0.18028846153846154