5 0.5216346153846154 0.7091346153846154 0.1778846153846154 0.25721153846153844
5 0.47115384615384615 0.9170673076923077 0.19230769230769232 0.1658653846153846
5 0.8942307692307693 0.5901442307692307 0.21153846153846154 0.21875
5 0.65625 0.7896634615384616 0.27884615384615385 0.24519230769230768
5 0.6033653846153846 0.6262019230769231 0.21153846153846154 0.2548076923076923
5 0.6598557692307693 0.546875 0.21875 0.2548076923076923
5 0.7379807692307693 0.4675480769230769 0.17548076923076922 0.21153846153846154
5 0.8846153846153846 0.4423076923076923 0.1778846153846154 0.22115384615384615
5 0.6466346153846154 0.28365384615384615 0.125 0.16346153846153846
5 0.6862980769230769 0.2247596153846154 0.14423076923076922 0.17548076923076922
5 0.39302884615384615 0.5216346153846154 0.1201923076923077 0.21394230769230768
5 0.4579326923076923 0.5576923076923077 0.15144230769230768 0.25240384615384615
5 0.5120192307692307 0.44711538461538464 0.13701923076923078 0.18028846153846154
5 0.45913461538461536 0.28966346153846156 0.14182692307692307 0.12259615384615384
5 0.5552884615384616 0.21634615384615385 0.14903846153846154 0.125
5 0.44471153846153844 0.3485576923076923 0.15865384615384615 0.12980769230769232
5 0.4110576923076923 0.4026442307692308 0.18269230769230768 0.14903846153846154
5 0.31850961538461536 0.3125 0.10817307692307693 0.1346153846153846