5 0.4963942307692308 0.5456730769230769 0.27884615384615385 0.3389423076923077
5 0.7019230769230769 0.5108173076923077 0.23317307692307693 0.31009615384615385
5 0.5432692307692307 0.8149038461538461 0.2644230769230769 0.3293269230769231
5 0.7379807692307693 0.8762019230769231 0.3605769230769231 0.24759615384615385
5 0.265625 0.7548076923076923 0.2860576923076923 0.3605769230769231
5 0.12259615384615384 0.7235576923076923 0.24519230769230768 0.3076923076923077
5 0.22596153846153846 0.5324519230769231 0.2764423076923077 0.2620192307692308
5 0.609375 0.20793269230769232 0.25240384615384615 0.25721153846153844
5 0.5817307692307693 0.3858173076923077 0.23557692307692307 0.28365384615384615
5 0.8545673076923077 0.34615384615384615 0.22115384615384615 0.3269230769230769
5 0.8197115384615384 0.18389423076923078 0.16826923076923078 0.23076923076923078
5 0.7319711538461539 0.1875 0.18028846153846154 0.25961538461538464