5 0.6129807692307693 0.6069711538461539 0.16826923076923078 0.2403846153846154
5 0.47836538461538464 0.6887019230769231 0.16826923076923078 0.22355769230769232
5 0.34615384615384615 0.7427884615384616 0.18028846153846154 0.22596153846153846
5 0.2127403846153846 0.8052884615384616 0.17307692307692307 0.22115384615384615
5 0.06370192307692307 0.46875 0.12740384615384615 0.16346153846153846
5 0.1814903846153846 0.4026442307692308 0.18269230769230768 0.1658653846153846
5 0.31490384615384615 0.36177884615384615 0.1658653846153846 0.17548076923076922
5 0.4579326923076923 0.30528846153846156 0.1778846153846154 0.16826923076923078
5 0.5432692307692307 0.4543269230769231 0.15865384615384615 0.18990384615384615
5 0.4338942307692308 0.5216346153846154 0.1658653846153846 0.18269230769230768
5 0.41346153846153844 0.1310096153846154 0.1658653846153846 0.19230769230769232
5 0.28125 0.17427884615384615 0.14182692307692307 0.18269230769230768
5 0.28846153846153844 0.5504807692307693 0.16105769230769232 0.1778846153846154
5 0.16466346153846154 0.6069711538461539 0.19951923076923078 0.1971153846153846