5 0.8533653846153846 0.6141826923076923 0.2932692307692308 0.36778846153846156
5 0.7776442307692307 0.8257211538461539 0.3870192307692308 0.30528846153846156
5 0.5240384615384616 0.8257211538461539 0.3269230769230769 0.3485576923076923
5 0.6033653846153846 0.65625 0.33653846153846156 0.3004807692307692
5 0.6262019230769231 0.421875 0.28365384615384615 0.36778846153846156
5 0.7283653846153846 0.1310096153846154 0.22596153846153846 0.2620192307692308
5 0.6081730769230769 0.17307692307692307 0.21394230769230768 0.30528846153846156
5 0.41947115384615385 0.39663461538461536 0.2091346153846154 0.22115384615384615
5 0.23798076923076922 0.5192307692307693 0.2860576923076923 0.3317307692307692
5 0.2644230769230769 0.734375 0.4182692307692308 0.3581730769230769
5 0.2608173076923077 0.9134615384615384 0.3293269230769231 0.17307692307692307
5 0.18990384615384615 0.23798076923076922 0.24759615384615385 0.31009615384615385