5 0.7920673076923077 0.4987980769230769 0.11057692307692307 0.17307692307692307
5 0.7223557692307693 0.5060096153846154 0.10576923076923077 0.15865384615384615
5 0.6586538461538461 0.5036057692307693 0.09615384615384616 0.17307692307692307
5 0.5913461538461539 0.484375 0.0985576923076923 0.15865384615384615
5 0.5396634615384616 0.4735576923076923 0.10336538461538461 0.1658653846153846
5 0.44591346153846156 0.5024038461538461 0.1346153846153846 0.18269230769230768
5 0.39783653846153844 0.3473557692307692 0.09615384615384616 0.1346153846153846
5 0.2980769230769231 0.3701923076923077 0.12740384615384615 0.16346153846153846
5 0.45072115384615385 0.3581730769230769 0.10096153846153846 0.14423076923076922
5 0.49158653846153844 0.35096153846153844 0.0985576923076923 0.16346153846153846
5 0.5432692307692307 0.3629807692307692 0.0889423076923077 0.15865384615384615
5 0.5985576923076923 0.36778846153846156 0.10096153846153846 0.14903846153846154
5 0.7127403846153846 0.3870192307692308 0.15144230769230768 0.1466346153846154
5 0.7295673076923077 0.2764423076923077 0.11057692307692307 0.14903846153846154
5 0.6286057692307693 0.25721153846153844 0.09134615384615384 0.1466346153846154
5 0.45552884615384615 0.2439903846153846 0.13942307692307693 0.17067307692307693
5 0.5336538461538461 0.24158653846153846 0.07932692307692307 0.14182692307692307
5 0.5721153846153846 0.25841346153846156 0.10576923076923077 0.15865384615384615