5 0.7608173076923077 0.43990384615384615 0.20192307692307693 0.18269230769230768
5 0.7307692307692307 0.5865384615384616 0.18990384615384615 0.22355769230769232
5 0.5168269230769231 0.625 0.18990384615384615 0.2091346153846154
5 0.16826923076923078 0.6394230769230769 0.2548076923076923 0.29086538461538464
5 0.05889423076923077 0.6069711538461539 0.11778846153846154 0.2668269230769231
5 0.06971153846153846 0.40384615384615385 0.13942307692307693 0.20192307692307693
5 0.125 0.27283653846153844 0.18990384615384615 0.1875
5 0.21754807692307693 0.33774038461538464 0.15865384615384615 0.19951923076923078
5 0.3161057692307692 0.2668269230769231 0.1658653846153846 0.2548076923076923
5 0.41466346153846156 0.40865384615384615 0.13942307692307693 0.23798076923076922
5 0.5132211538461539 0.18990384615384615 0.1778846153846154 0.1658653846153846
5 0.5108173076923077 0.3076923076923077 0.16105769230769232 0.2283653846153846
5 0.5661057692307693 0.42908653846153844 0.19230769230769232 0.23557692307692307
5 0.4110576923076923 0.1658653846153846 0.12259615384615384 0.17307692307692307
5 0.34975961538461536 0.14543269230769232 0.1201923076923077 0.17307692307692307