5 0.22355769230769232 0.7692307692307693 0.3389423076923077 0.34375
5 0.41346153846153844 0.890625 0.3701923076923077 0.21875
5 0.6598557692307693 0.8221153846153846 0.29086538461538464 0.3485576923076923
5 0.5060096153846154 0.6875 0.3173076923076923 0.27403846153846156
5 0.3894230769230769 0.47836538461538464 0.24759615384615385 0.3557692307692308
5 0.171875 0.2512019230769231 0.20192307692307693 0.25721153846153844
5 0.3016826923076923 0.2403846153846154 0.18269230769230768 0.2980769230769231
5 0.5709134615384616 0.3701923076923077 0.19471153846153846 0.2091346153846154
5 0.7884615384615384 0.4098557692307692 0.25721153846153844 0.31490384615384615
5 0.8269230769230769 0.6201923076923077 0.34615384615384615 0.32211538461538464
5 0.8990384615384616 0.8377403846153846 0.20192307692307693 0.24278846153846154
5 0.7175480769230769 0.13822115384615385 0.21875 0.2764423076923077