5 0.6057692307692307 0.6490384615384616 0.31971153846153844 0.21875
5 0.47475961538461536 0.6418269230769231 0.2932692307692308 0.18509615384615385
5 0.3088942307692308 0.6334134615384616 0.2764423076923077 0.18990384615384615
5 0.21153846153846154 0.7692307692307693 0.27884615384615385 0.17067307692307693
5 0.1141826923076923 0.8689903846153846 0.15625 0.12259615384615384
5 0.5841346153846154 0.8040865384615384 0.1971153846153846 0.14423076923076922
5 0.4735576923076923 0.7932692307692307 0.22355769230769232 0.15144230769230768
5 0.7139423076923077 0.6790865384615384 0.27403846153846156 0.17548076923076922
5 0.8016826923076923 0.7079326923076923 0.27884615384615385 0.14903846153846154
5 0.7680288461538461 0.8629807692307693 0.21875 0.11778846153846154
5 0.609375 0.9411057692307693 0.20432692307692307 0.10096153846153846
5 0.33052884615384615 0.9242788461538461 0.22355769230769232 0.12980769230769232