5 0.4074519230769231 0.25961538461538464 0.15144230769230768 0.31971153846153844
5 0.3016826923076923 0.30408653846153844 0.18028846153846154 0.2956730769230769
5 0.21634615384615385 0.22596153846153846 0.1658653846153846 0.2283653846153846
5 0.49278846153846156 0.25841346153846156 0.18028846153846154 0.2403846153846154
5 0.5709134615384616 0.30649038461538464 0.15865384615384615 0.16346153846153846
5 0.6598557692307693 0.24158653846153846 0.19471153846153846 0.20673076923076922
5 0.4675480769230769 0.5132211538461539 0.1346153846153846 0.20192307692307693
5 0.39663461538461536 0.47115384615384615 0.125 0.21875
5 0.32572115384615385 0.4519230769230769 0.15144230769230768 0.25961538461538464
5 0.41586538461538464 0.6454326923076923 0.14182692307692307 0.22596153846153846
5 0.48677884615384615 0.6322115384615384 0.125 0.2091346153846154
5 0.3798076923076923 0.7860576923076923 0.18269230769230768 0.18990384615384615