5 0.6670673076923077 0.36658653846153844 0.3173076923076923 0.21153846153846154
5 0.5360576923076923 0.37740384615384615 0.2932692307692308 0.17548076923076922
5 0.36899038461538464 0.39302884615384615 0.27403846153846156 0.18269230769230768
5 0.2668269230769231 0.25841346153846156 0.2764423076923077 0.16346153846153846
5 0.13581730769230768 0.16105769230769232 0.20432692307692307 0.1201923076923077
5 0.640625 0.21033653846153846 0.19471153846153846 0.14182692307692307
5 0.5288461538461539 0.22596153846153846 0.22115384615384615 0.1466346153846154
5 0.7752403846153846 0.3317307692307692 0.27163461538461536 0.16826923076923078
5 0.8617788461538461 0.3016826923076923 0.2764423076923077 0.14182692307692307
5 0.8245192307692307 0.14423076923076922 0.21875 0.11298076923076923
5 0.6622596153846154 0.07211538461538461 0.20432692307692307 0.09615384615384616
5 0.38100961538461536 0.0985576923076923 0.22355769230769232 0.125