5 0.3737980769230769 0.7572115384615384 0.1346153846153846 0.3125
5 0.2956730769230769 0.6766826923076923 0.1658653846153846 0.28846153846153844
5 0.1875 0.7139423076923077 0.15384615384615385 0.22115384615384615
5 0.45072115384615385 0.7908653846153846 0.16826923076923078 0.23317307692307693
5 0.5408653846153846 0.7764423076923077 0.15144230769230768 0.15625
5 0.5973557692307693 0.8713942307692307 0.18509615384615385 0.19951923076923078
5 0.5264423076923077 0.5492788461538461 0.125 0.19471153846153846
5 0.44591346153846156 0.5600961538461539 0.11298076923076923 0.21394230769230768
5 0.3737980769230769 0.5492788461538461 0.13942307692307693 0.2548076923076923
5 0.5288461538461539 0.4098557692307692 0.12980769230769232 0.22115384615384615
5 0.5901442307692307 0.4483173076923077 0.11538461538461539 0.20432692307692307
5 0.5504807692307693 0.26802884615384615 0.17548076923076922 0.18269230769230768