5 0.2644230769230769 0.3545673076923077 0.12740384615384615 0.1778846153846154
5 0.32091346153846156 0.3954326923076923 0.1201923076923077 0.16346153846153846
5 0.3786057692307692 0.4230769230769231 0.11298076923076923 0.17548076923076922
5 0.44591346153846156 0.43990384615384615 0.11298076923076923 0.16346153846153846
5 0.49759615384615385 0.4543269230769231 0.1201923076923077 0.17307692307692307
5 0.5661057692307693 0.5264423076923077 0.15144230769230768 0.18990384615384615
5 0.6826923076923077 0.41346153846153844 0.10817307692307693 0.14182692307692307
5 0.7596153846153846 0.48197115384615385 0.14182692307692307 0.17307692307692307
5 0.6322115384615384 0.39783653846153844 0.11298076923076923 0.15144230769230768
5 0.5973557692307693 0.3701923076923077 0.11538461538461539 0.16826923076923078
5 0.546875 0.3545673076923077 0.10576923076923077 0.16105769230769232
5 0.49759615384615385 0.33413461538461536 0.11538461538461539 0.15625
5 0.3870192307692308 0.29447115384615385 0.16346153846153846 0.15865384615384615
5 0.4266826923076923 0.18990384615384615 0.125 0.15625
5 0.5252403846153846 0.22115384615384615 0.10576923076923077 0.15144230769230768
5 0.6826923076923077 0.29447115384615385 0.15384615384615385 0.18028846153846154
5 0.6141826923076923 0.2536057692307692 0.09615384615384616 0.14423076923076922
5 0.5733173076923077 0.2512019230769231 0.12259615384615384 0.16346153846153846