0 0.8497596153846154 0.8076923076923077 0.1658653846153846 0.20192307692307693
0 0.8846153846153846 0.6947115384615384 0.19230769230769232 0.1778846153846154
0 0.9074519230769231 0.5733173076923077 0.18509615384615385 0.18990384615384615
0 0.921875 0.4639423076923077 0.15625 0.1971153846153846
0 0.9362980769230769 0.3088942307692308 0.12740384615384615 0.2283653846153846
0 0.609375 0.7259615384615384 0.1971153846153846 0.18509615384615385
0 0.6081730769230769 0.6225961538461539 0.21153846153846154 0.15384615384615385
0 0.6310096153846154 0.5084134615384616 0.21394230769230768 0.20673076923076922
0 0.6574519230769231 0.3858173076923077 0.22355769230769232 0.21153846153846154
0 0.6814903846153846 0.23076923076923078 0.23557692307692307 0.23317307692307693
0 0.33413461538461536 0.6778846153846154 0.23317307692307693 0.21394230769230768
0 0.3449519230769231 0.5492788461538461 0.22596153846153846 0.19951923076923078
0 0.3449519230769231 0.42908653846153844 0.22596153846153846 0.21394230769230768
0 0.35216346153846156 0.29447115384615385 0.23798076923076922 0.21153846153846154
0 0.3737980769230769 0.1310096153846154 0.25 0.24519230769230768
0 0.0829326923076923 0.33533653846153844 0.16105769230769232 0.24759615384615385
0 0.12139423076923077 0.171875 0.15144230769230768 0.34375
0 0.046875 0.12860576923076922 0.07932692307692307 0.25721153846153844