0 0.22956730769230768 0.8509615384615384 0.18028846153846154 0.2764423076923077
0 0.4411057692307692 0.8810096153846154 0.17067307692307693 0.23798076923076922
0 0.6033653846153846 0.8088942307692307 0.15625 0.2620192307692308
0 0.7932692307692307 0.7980769230769231 0.1658653846153846 0.2668269230769231
0 0.9350961538461539 0.7415865384615384 0.12980769230769232 0.24759615384615385
0 0.9026442307692307 0.5264423076923077 0.14423076923076922 0.20192307692307693
0 0.7283653846153846 0.5805288461538461 0.13942307692307693 0.20673076923076922
0 0.5600961538461539 0.5913461538461539 0.1346153846153846 0.20673076923076922
0 0.4182692307692308 0.6430288461538461 0.14423076923076922 0.23076923076923078
0 0.24879807692307693 0.6334134615384616 0.15144230769230768 0.21394230769230768
0 0.8305288461538461 0.3233173076923077 0.125 0.17067307692307693
0 0.7451923076923077 0.2091346153846154 0.10096153846153846 0.14182692307692307
0 0.6574519230769231 0.3485576923076923 0.125 0.17307692307692307
0 0.5480769230769231 0.39903846153846156 0.11778846153846154 0.19230769230769232
0 0.4326923076923077 0.43509615384615385 0.125 0.1875
0 0.23076923076923078 0.46875 0.14182692307692307 0.18509615384615385
0 0.2668269230769231 0.34134615384615385 0.11778846153846154 0.15865384615384615
0 0.375 0.3004807692307692 0.11538461538461539 0.16826923076923078
0 0.5240384615384616 0.2704326923076923 0.1201923076923077 0.16346153846153846
0 0.6225961538461539 0.21514423076923078 0.1201923076923077 0.15384615384615385
0 0.6165865384615384 0.11177884615384616 0.0985576923076923 0.13701923076923078
0 0.5144230769230769 0.06370192307692307 0.10576923076923077 0.12740384615384615
0 0.37740384615384615 0.06610576923076923 0.10576923076923077 0.125
0 0.24639423076923078 0.19591346153846154 0.11538461538461539 0.15865384615384615
0 0.25961538461538464 0.07692307692307693 0.10817307692307693 0.1346153846153846