0 0.8064903846153846 0.8269230769230769 0.17548076923076922 0.27403846153846156
0 0.5985576923076923 0.8786057692307693 0.1658653846153846 0.2403846153846154
0 0.43028846153846156 0.8185096153846154 0.15144230769230768 0.25961538461538464
0 0.23918269230769232 0.8233173076923077 0.16105769230769232 0.2644230769230769
0 0.08173076923076923 0.7800480769230769 0.15144230769230768 0.24759615384615385
0 0.109375 0.5625 0.13942307692307693 0.19951923076923078
0 0.28725961538461536 0.6009615384615384 0.1346153846153846 0.20432692307692307
0 0.4543269230769231 0.5985576923076923 0.13221153846153846 0.20432692307692307
0 0.5997596153846154 0.6358173076923077 0.14182692307692307 0.2283653846153846
0 0.7692307692307693 0.6129807692307693 0.14903846153846154 0.21394230769230768
0 0.1622596153846154 0.3545673076923077 0.1201923076923077 0.17067307692307693
0 0.23798076923076922 0.23197115384615385 0.0985576923076923 0.14182692307692307
0 0.33774038461538464 0.3641826923076923 0.1201923076923077 0.17067307692307693
0 0.4495192307692308 0.40384615384615385 0.11538461538461539 0.18990384615384615
0 0.5673076923076923 0.43028846153846156 0.12259615384615384 0.1875
0 0.7728365384615384 0.44591346153846156 0.13942307692307693 0.18269230769230768
0 0.7259615384615384 0.32211538461538464 0.11538461538461539 0.15865384615384615
0 0.6129807692307693 0.2932692307692308 0.11298076923076923 0.1658653846153846
0 0.46274038461538464 0.27403846153846156 0.11778846153846154 0.16105769230769232
0 0.3605769230769231 0.2283653846153846 0.11778846153846154 0.15384615384615385
0 0.35697115384615385 0.125 0.09615384615384616 0.1346153846153846
0 0.4543269230769231 0.06490384615384616 0.10336538461538461 0.12980769230769232
0 0.5901442307692307 0.06009615384615385 0.10336538461538461 0.1201923076923077
0 0.7331730769230769 0.17668269230769232 0.11298076923076923 0.15865384615384615
0 0.7091346153846154 0.0625 0.10576923076923077 0.125