5 0.796875 0.5144230769230769 0.1346153846153846 0.18509615384615385
5 0.6189903846153846 0.39663461538461536 0.17307692307692307 0.18509615384615385
5 0.46153846153846156 0.3918269230769231 0.2091346153846154 0.14903846153846154
5 0.3629807692307692 0.21754807692307693 0.1875 0.11538461538461539
5 0.8016826923076923 0.28846153846153844 0.15384615384615385 0.16346153846153846
5 0.9014423076923077 0.3317307692307692 0.16346153846153846 0.14182692307692307
5 0.8774038461538461 0.40865384615384615 0.15865384615384615 0.18509615384615385
5 0.5504807692307693 0.23317307692307693 0.10096153846153846 0.14423076923076922
5 0.47836538461538464 0.23317307692307693 0.10817307692307693 0.12259615384615384
5 0.6935096153846154 0.32572115384615385 0.1466346153846154 0.13942307692307693
5 0.7211538461538461 0.23317307692307693 0.12740384615384615 0.10096153846153846
5 0.5168269230769231 0.12860576923076922 0.1346153846153846 0.12740384615384615