5 0.42908653846153844 0.7824519230769231 0.2956730769230769 0.24519230769230768
5 0.7055288461538461 0.7307692307692307 0.3485576923076923 0.2692307692307692
5 0.8677884615384616 0.6550480769230769 0.2644230769230769 0.23317307692307693
5 0.9350961538461539 0.5697115384615384 0.12980769230769232 0.19230769230769232
5 0.31009615384615385 0.6502403846153846 0.31490384615384615 0.22115384615384615
5 0.25240384615384615 0.5444711538461539 0.22596153846153846 0.17307692307692307
5 0.37259615384615385 0.4651442307692308 0.25240384615384615 0.1658653846153846
5 0.6887019230769231 0.4074519230769231 0.2403846153846154 0.15144230769230768
5 0.8810096153846154 0.41586538461538464 0.23798076923076922 0.15625
5 0.6045673076923077 0.515625 0.3004807692307692 0.16346153846153846
5 0.7632211538461539 0.5516826923076923 0.2644230769230769 0.16346153846153846
5 0.5180288461538461 0.6129807692307693 0.28365384615384615 0.22596153846153846