5 0.6983173076923077 0.3112980769230769 0.24278846153846154 0.34134615384615385
5 0.8786057692307693 0.3641826923076923 0.24278846153846154 0.3004807692307692
5 0.7223557692307693 0.5264423076923077 0.21153846153846154 0.3004807692307692
5 0.6153846153846154 0.5420673076923077 0.18028846153846154 0.27163461538461536
5 0.5 0.5324519230769231 0.23317307692307693 0.31009615384615385
5 0.39663461538461536 0.4795673076923077 0.21153846153846154 0.2980769230769231
5 0.2704326923076923 0.3401442307692308 0.2668269230769231 0.33413461538461536
5 0.5685096153846154 0.23677884615384615 0.23076923076923078 0.3701923076923077
5 0.8040865384615384 0.6370192307692307 0.21875 0.3245192307692308
5 0.796875 0.8341346153846154 0.21634615384615385 0.24519230769230768
5 0.6622596153846154 0.7451923076923077 0.19230769230769232 0.2620192307692308
5 0.5432692307692307 0.8425480769230769 0.15865384615384615 0.24278846153846154
5 0.4675480769230769 0.7427884615384616 0.2091346153846154 0.2548076923076923
5 0.36658653846153844 0.6682692307692307 0.18509615384615385 0.22355769230769232
5 0.25721153846153844 0.6045673076923077 0.18509615384615385 0.24278846153846154
5 0.6814903846153846 0.9615384615384616 0.17067307692307693 0.07692307692307693