5 0.7079326923076923 0.4951923076923077 0.20673076923076922 0.22355769230769232
5 0.7956730769230769 0.34375 0.20432692307692307 0.2644230769230769
5 0.890625 0.5084134615384616 0.21875 0.2764423076923077
5 0.8413461538461539 0.7451923076923077 0.21153846153846154 0.18269230769230768
5 0.7331730769230769 0.7223557692307693 0.20432692307692307 0.23798076923076922
5 0.6177884615384616 0.6586538461538461 0.23798076923076922 0.24519230769230768
5 0.5552884615384616 0.5588942307692307 0.25721153846153844 0.25961538461538464
5 0.5528846153846154 0.39903846153846156 0.27884615384615385 0.30288461538461536
5 0.6634615384615384 0.2283653846153846 0.28125 0.27163461538461536
5 0.49399038461538464 0.19951923076923078 0.28846153846153844 0.2980769230769231
5 0.3137019230769231 0.2247596153846154 0.2764423076923077 0.3485576923076923
5 0.1201923076923077 0.32091346153846156 0.2283653846153846 0.27403846153846156
5 0.07091346153846154 0.4651442307692308 0.14182692307692307 0.24759615384615385
5 0.140625 0.5060096153846154 0.19951923076923078 0.2692307692307692
5 0.27403846153846156 0.46153846153846156 0.21634615384615385 0.27163461538461536
5 0.39302884615384615 0.5228365384615384 0.21394230769230768 0.2403846153846154
5 0.2608173076923077 0.6069711538461539 0.22355769230769232 0.21875
5 0.16105769230769232 0.7956730769230769 0.21634615384615385 0.25240384615384615