5 0.7475961538461539 0.36538461538461536 0.20432692307692307 0.22355769230769232
5 0.7487980769230769 0.18629807692307693 0.19951923076923078 0.2668269230769231
5 0.8966346153846154 0.2848557692307692 0.18028846153846154 0.2620192307692308
5 0.9435096153846154 0.5264423076923077 0.11298076923076923 0.16346153846153846
5 0.8858173076923077 0.5516826923076923 0.20192307692307693 0.2403846153846154
5 0.7524038461538461 0.5540865384615384 0.23798076923076922 0.24519230769230768
5 0.6466346153846154 0.49759615384615385 0.25721153846153844 0.25961538461538464
5 0.5625 0.3581730769230769 0.2764423076923077 0.30288461538461536
5 0.5733173076923077 0.15144230769230768 0.28125 0.2692307692307692
5 0.40865384615384615 0.21153846153846154 0.28846153846153844 0.2980769230769231
5 0.26322115384615385 0.3269230769230769 0.27163461538461536 0.35336538461538464
5 0.12620192307692307 0.5108173076923077 0.25240384615384615 0.28125
5 0.12620192307692307 0.6802884615384616 0.23798076923076922 0.2668269230769231
5 0.2536057692307692 0.6610576923076923 0.1971153846153846 0.27163461538461536
5 0.3485576923076923 0.5552884615384616 0.21153846153846154 0.27403846153846156
5 0.484375 0.5480769230769231 0.21153846153846154 0.2403846153846154
5 0.4110576923076923 0.6911057692307693 0.22115384615384615 0.21634615384615385
5 0.41947115384615385 0.8894230769230769 0.21394230769230768 0.22115384615384615