12 0.46274038461538464 0.5216346153846154 0.9254807692307693 0.9567307692307693
12 0.6742788461538461 0.6754807692307693 0.1658653846153846 0.19951923076923078
12 0.7584134615384616 0.8509615384615384 0.1658653846153846 0.19951923076923078
12 0.5961538461538461 0.8149038461538461 0.14903846153846154 0.17067307692307693
12 0.5637019230769231 0.34375 0.19471153846153846 0.23317307692307693
12 0.12740384615384615 0.49278846153846156 0.2091346153846154 0.23557692307692307
12 0.14423076923076922 0.2920673076923077 0.1778846153846154 0.1971153846153846
12 0.2860576923076923 0.3245192307692308 0.21634615384615385 0.23557692307692307
12 0.39302884615384615 0.4206730769230769 0.1875 0.23557692307692307
12 0.11658653846153846 0.6358173076923077 0.20673076923076922 0.21153846153846154
12 0.4483173076923077 0.6394230769230769 0.16346153846153846 0.2403846153846154
12 0.7956730769230769 0.2848557692307692 0.21394230769230768 0.20432692307692307
12 0.8341346153846154 0.5552884615384616 0.16105769230769232 0.19471153846153846
12 0.44711538461538464 0.8653846153846154 0.18269230769230768 0.18509615384615385