5 0.6069711538461539 0.6153846153846154 0.3942307692307692 0.3125
5 0.15384615384615385 0.7824519230769231 0.3076923076923077 0.31490384615384615
5 0.27884615384615385 0.45552884615384615 0.3581730769230769 0.2932692307692308
5 0.2512019230769231 0.32211538461538464 0.3701923076923077 0.2692307692307692
5 0.5276442307692307 0.46634615384615385 0.4230769230769231 0.29086538461538464
5 0.75 0.7259615384615384 0.3269230769230769 0.2932692307692308
5 0.9435096153846154 0.49038461538461536 0.11298076923076923 0.20673076923076922
5 0.6634615384615384 0.40384615384615385 0.35096153846153844 0.23798076923076922
5 0.8629807692307693 0.38461538461538464 0.27403846153846156 0.22115384615384615
5 0.7548076923076923 0.30408653846153844 0.23798076923076922 0.21875
5 0.5144230769230769 0.2439903846153846 0.22355769230769232 0.23076923076923078
5 0.33774038461538464 0.19831730769230768 0.28365384615384615 0.21875
5 0.4699519230769231 0.14543269230769232 0.3004807692307692 0.23798076923076922