5 0.4495192307692308 0.41346153846153844 0.2283653846153846 0.2620192307692308
5 0.41346153846153844 0.5805288461538461 0.24278846153846154 0.16826923076923078
5 0.5853365384615384 0.6586538461538461 0.27403846153846156 0.22115384615384615
5 0.7920673076923077 0.6971153846153846 0.23076923076923078 0.25
5 0.8978365384615384 0.703125 0.19471153846153846 0.25961538461538464
5 0.3088942307692308 0.8185096153846154 0.31490384615384615 0.22115384615384615
5 0.37740384615384615 0.1935096153846154 0.2644230769230769 0.1466346153846154
5 0.4110576923076923 0.25841346153846156 0.2932692307692308 0.17548076923076922
5 0.6274038461538461 0.18269230769230768 0.2860576923076923 0.11057692307692307
5 0.8485576923076923 0.18269230769230768 0.21394230769230768 0.13701923076923078
5 0.8629807692307693 0.27403846153846156 0.15865384615384615 0.17067307692307693
5 0.7331730769230769 0.3389423076923077 0.25 0.1201923076923077
5 0.5697115384615384 0.3545673076923077 0.2283653846153846 0.15144230769230768
5 0.7391826923076923 0.4362980769230769 0.2283653846153846 0.15625
5 0.875 0.49278846153846156 0.1875 0.2403846153846154