5 0.5300480769230769 0.4254807692307692 0.20192307692307693 0.19951923076923078
5 0.5540865384615384 0.29086538461538464 0.21153846153846154 0.2091346153846154
5 0.6490384615384616 0.41346153846153844 0.125 0.23076923076923078
5 0.4182692307692308 0.5060096153846154 0.1658653846153846 0.23557692307692307
5 0.2668269230769231 0.49038461538461536 0.1971153846153846 0.18269230769230768
5 0.14182692307692307 0.6490384615384616 0.19230769230769232 0.15384615384615385
5 0.19110576923076922 0.7668269230769231 0.15865384615384615 0.18990384615384615
5 0.6862980769230769 0.5456730769230769 0.16105769230769232 0.1778846153846154
5 0.6346153846153846 0.6670673076923077 0.12259615384615384 0.19230769230769232
5 0.5408653846153846 0.6129807692307693 0.16346153846153846 0.17548076923076922
5 0.5456730769230769 0.5192307692307693 0.20673076923076922 0.18028846153846154
5 0.8245192307692307 0.49278846153846156 0.17307692307692307 0.1778846153846154