5 0.4495192307692308 0.6995192307692307 0.3317307692307692 0.2403846153846154
5 0.5697115384615384 0.6514423076923077 0.30288461538461536 0.20673076923076922
5 0.7235576923076923 0.5877403846153846 0.2860576923076923 0.2091346153846154
5 0.8581730769230769 0.6850961538461539 0.28365384615384615 0.19230769230769232
5 0.9519230769230769 0.7475961538461539 0.09615384615384616 0.1346153846153846
5 0.5192307692307693 0.8401442307692307 0.20432692307692307 0.15865384615384615
5 0.6201923076923077 0.7932692307692307 0.23076923076923078 0.16826923076923078
5 0.35697115384615385 0.7632211538461539 0.28365384615384615 0.19471153846153846
5 0.2824519230769231 0.8173076923076923 0.2860576923076923 0.17067307692307693
5 0.3641826923076923 0.9435096153846154 0.22355769230769232 0.11298076923076923
5 0.5372596153846154 0.9591346153846154 0.20432692307692307 0.08173076923076923
5 0.7980769230769231 0.8689903846153846 0.23076923076923078 0.1466346153846154