5 0.5 0.5 1 1
5 0.3004807692307692 0.19951923076923078 0.3317307692307692 0.3389423076923077
5 0.2548076923076923 0.10817307692307693 0.33653846153846156 0.21634615384615385
5 0.7644230769230769 0.28846153846153844 0.3557692307692308 0.3605769230769231
5 0.8870192307692307 0.25240384615384615 0.22596153846153846 0.33653846153846156
5 0.6838942307692307 0.4987980769230769 0.2620192307692308 0.3125
5 0.7596153846153846 0.8377403846153846 0.29086538461538464 0.30528846153846156
5 0.16826923076923078 0.4831730769230769 0.33653846153846156 0.36538461538461536
5 0.4074519230769231 0.8389423076923077 0.2764423076923077 0.23317307692307693
5 0.5012019230769231 0.640625 0.23317307692307693 0.3173076923076923
5 0.4495192307692308 0.38100961538461536 0.25240384615384615 0.2403846153846154
5 0.359375 0.6358173076923077 0.2548076923076923 0.30528846153846156