5 0.15384615384615385 0.5024038461538461 0.3076923076923077 0.32211538461538464
5 0.2608173076923077 0.6610576923076923 0.1875 0.21153846153846154
5 0.41346153846153844 0.5612980769230769 0.21875 0.23798076923076922
5 0.3317307692307692 0.5060096153846154 0.18990384615384615 0.21634615384615385
5 0.4519230769230769 0.7872596153846154 0.25240384615384615 0.14423076923076922
5 0.5540865384615384 0.7524038461538461 0.1778846153846154 0.1971153846153846
5 0.5733173076923077 0.6382211538461539 0.25240384615384615 0.1875
5 0.8617788461538461 0.6634615384615384 0.24278846153846154 0.16826923076923078
5 0.4699519230769231 0.3605769230769231 0.23076923076923078 0.22115384615384615
5 0.2668269230769231 0.2548076923076923 0.3918269230769231 0.4254807692307692
5 0.6081730769230769 0.19471153846153846 0.24519230769230768 0.1778846153846154