5 0.4110576923076923 0.3737980769230769 0.1971153846153846 0.25721153846153844
5 0.53125 0.2764423076923077 0.19471153846153846 0.2403846153846154
5 0.6550480769230769 0.20432692307692307 0.20673076923076922 0.24519230769230768
5 0.7776442307692307 0.12379807692307693 0.19951923076923078 0.2403846153846154
5 0.9471153846153846 0.4362980769230769 0.10576923076923077 0.17067307692307693
5 0.8629807692307693 0.515625 0.19951923076923078 0.18509615384615385
5 0.7391826923076923 0.5733173076923077 0.18509615384615385 0.19471153846153846
5 0.6045673076923077 0.6502403846153846 0.1971153846153846 0.18990384615384615
5 0.5012019230769231 0.515625 0.18028846153846154 0.20673076923076922
5 0.6009615384615384 0.4338942307692308 0.18509615384615385 0.19951923076923078
5 0.6742788461538461 0.8149038461538461 0.1875 0.21153846153846154
5 0.7956730769230769 0.7536057692307693 0.16346153846153846 0.19951923076923078
5 0.7379807692307693 0.38461538461538464 0.18269230769230768 0.19471153846153846
5 0.8509615384615384 0.3125 0.22115384615384615 0.22115384615384615