5 0.6081730769230769 0.265625 0.19471153846153846 0.3173076923076923
5 0.8040865384615384 0.28725961538461536 0.2283653846153846 0.2692307692307692
5 0.6658653846153846 0.4699519230769231 0.16826923076923078 0.27884615384615385
5 0.5649038461538461 0.5024038461538461 0.14182692307692307 0.25240384615384615
5 0.45072115384615385 0.5084134615384616 0.19230769230769232 0.2860576923076923
5 0.3425480769230769 0.47475961538461536 0.16826923076923078 0.27403846153846156
5 0.19951923076923078 0.359375 0.22115384615384615 0.30288461538461536
5 0.4723557692307692 0.21514423076923078 0.17548076923076922 0.34615384615384615
5 0.7596153846153846 0.5637019230769231 0.17307692307692307 0.3004807692307692
5 0.7836538461538461 0.7548076923076923 0.18269230769230768 0.22115384615384615
5 0.640625 0.6911057692307693 0.15384615384615385 0.2403846153846154
5 0.5396634615384616 0.8028846153846154 0.12259615384615384 0.2283653846153846
5 0.4519230769230769 0.7175480769230769 0.17307692307692307 0.23076923076923078
5 0.34375 0.6610576923076923 0.15625 0.20192307692307693
5 0.22956730769230768 0.6165865384615384 0.15144230769230768 0.22355769230769232
5 0.6983173076923077 0.9338942307692307 0.15625 0.13221153846153846