5 0.26802884615384615 0.24519230769230768 0.3076923076923077 0.25721153846153844
5 0.5456730769230769 0.18028846153846154 0.3605769230769231 0.28365384615384615
5 0.7536057692307693 0.16826923076923078 0.3269230769230769 0.24519230769230768
5 0.859375 0.22115384615384615 0.20673076923076922 0.2091346153846154
5 0.2127403846153846 0.4170673076923077 0.3245192307692308 0.23557692307692307
5 0.203125 0.5384615384615384 0.23317307692307693 0.18028846153846154
5 0.3485576923076923 0.5637019230769231 0.2620192307692308 0.17548076923076922
5 0.6646634615384616 0.48677884615384615 0.24759615384615385 0.15865384615384615
5 0.8521634615384616 0.3954326923076923 0.2668269230769231 0.17067307692307693
5 0.5420673076923077 0.4206730769230769 0.3076923076923077 0.17548076923076922
5 0.6742788461538461 0.32211538461538464 0.27163461538461536 0.17548076923076922
5 0.4206730769230769 0.36538461538461536 0.2932692307692308 0.23798076923076922