5 0.6213942307692307 0.453125 0.13942307692307693 0.21153846153846154
5 0.5036057692307693 0.49038461538461536 0.21394230769230768 0.13942307692307693
5 0.3269230769230769 0.5084134615384616 0.16826923076923078 0.23557692307692307
5 0.1971153846153846 0.5516826923076923 0.1875 0.20192307692307693
5 0.15504807692307693 0.6346153846153846 0.17307692307692307 0.21634615384615385
5 0.4098557692307692 0.6923076923076923 0.14903846153846154 0.18509615384615385
5 0.4050480769230769 0.828125 0.16346153846153846 0.1346153846153846
5 0.13341346153846154 0.8713942307692307 0.19471153846153846 0.14182692307692307
5 0.109375 0.7427884615384616 0.18269230769230768 0.18509615384615385
5 0.5949519230769231 0.6742788461538461 0.1658653846153846 0.21875
5 0.7175480769230769 0.7259615384615384 0.15625 0.15865384615384615
5 0.5516826923076923 0.8161057692307693 0.13221153846153846 0.14423076923076922
5 0.6598557692307693 0.8100961538461539 0.14423076923076922 0.12980769230769232