5 0.16105769230769232 0.7355769230769231 0.3076923076923077 0.3245192307692308
5 0.3389423076923077 0.8846153846153846 0.3605769230769231 0.23076923076923078
5 0.5877403846153846 0.8233173076923077 0.2764423076923077 0.35096153846153844
5 0.43990384615384615 0.6730769230769231 0.30528846153846156 0.25961538461538464
5 0.33533653846153844 0.45913461538461536 0.23076923076923078 0.34615384615384615
5 0.1310096153846154 0.22235576923076922 0.18990384615384615 0.24759615384615385
5 0.2608173076923077 0.21754807692307693 0.16826923076923078 0.29086538461538464
5 0.5204326923076923 0.3605769230769231 0.18269230769230768 0.19951923076923078
5 0.7355769230769231 0.41225961538461536 0.24278846153846154 0.30288461538461536
5 0.7896634615384616 0.6225961538461539 0.38221153846153844 0.30288461538461536
5 0.8641826923076923 0.8497596153846154 0.27163461538461536 0.25721153846153844
5 0.6790865384615384 0.13581730769230768 0.20432692307692307 0.27163461538461536