5 0.4795673076923077 0.7403846153846154 0.23317307692307693 0.3389423076923077
5 0.28125 0.7788461538461539 0.2620192307692308 0.2956730769230769
5 0.3629807692307692 0.5576923076923077 0.20192307692307693 0.2980769230769231
5 0.453125 0.4963942307692308 0.17307692307692307 0.2692307692307692
5 0.5612980769230769 0.45552884615384615 0.22596153846153846 0.3076923076923077
5 0.6778846153846154 0.4567307692307692 0.20192307692307693 0.2956730769230769
5 0.8521634615384616 0.5276442307692307 0.25961538461538464 0.3293269230769231
5 0.6298076923076923 0.75 0.21875 0.36538461538461536
5 0.24158653846153846 0.4951923076923077 0.2091346153846154 0.31971153846153844
5 0.1622596153846154 0.3137019230769231 0.2091346153846154 0.24278846153846154
5 0.32211538461538464 0.33533653846153844 0.18509615384615385 0.25961538461538464
5 0.3858173076923077 0.19471153846153846 0.15144230769230768 0.24278846153846154
5 0.49759615384615385 0.25240384615384615 0.20192307692307693 0.25240384615384615
5 0.6213942307692307 0.27403846153846156 0.18028846153846154 0.22115384615384615
5 0.7475961538461539 0.28365384615384615 0.1778846153846154 0.2403846153846154
5 0.19110576923076922 0.11538461538461539 0.16826923076923078 0.1466346153846154