5 0.24158653846153846 0.49278846153846156 0.17548076923076922 0.14903846153846154
5 0.3112980769230769 0.36177884615384615 0.15144230769230768 0.19951923076923078
5 0.5240384615384616 0.38461538461538464 0.15625 0.18269230769230768
5 0.8605769230769231 0.4639423076923077 0.20673076923076922 0.2548076923076923
5 0.9603365384615384 0.5252403846153846 0.07932692307692307 0.25721153846153844
5 0.9086538461538461 0.7199519230769231 0.14423076923076922 0.1778846153846154
5 0.8016826923076923 0.8257211538461539 0.16105769230769232 0.15865384615384615
5 0.7307692307692307 0.7379807692307693 0.125 0.1778846153846154
5 0.6177884615384616 0.7788461538461539 0.1201923076923077 0.23557692307692307
5 0.5625 0.6177884615384616 0.09615384615384616 0.22355769230769232
5 0.4098557692307692 0.7992788461538461 0.15144230769230768 0.13701923076923078
5 0.44471153846153844 0.6862980769230769 0.1201923076923077 0.2091346153846154
5 0.42427884615384615 0.5564903846153846 0.15144230769230768 0.2091346153846154
5 0.4987980769230769 0.8485576923076923 0.09134615384615384 0.15625
5 0.5528846153846154 0.8870192307692307 0.0889423076923077 0.15865384615384615