5 0.4483173076923077 0.5637019230769231 0.16105769230769232 0.16105769230769232
5 0.4375 0.6490384615384616 0.14182692307692307 0.18509615384615385
5 0.5528846153846154 0.6730769230769231 0.22115384615384615 0.18269230769230768
5 0.6802884615384616 0.5829326923076923 0.22115384615384615 0.2091346153846154
5 0.5733173076923077 0.43149038461538464 0.14423076923076922 0.14423076923076922
5 0.7992788461538461 0.4579326923076923 0.18269230769230768 0.17067307692307693
5 0.31971153846153844 0.7896634615384616 0.18509615384615385 0.17307692307692307
5 0.6899038461538461 0.9194711538461539 0.1971153846153846 0.14903846153846154
5 0.48197115384615385 0.7956730769230769 0.23317307692307693 0.18509615384615385
5 0.6610576923076923 0.8052884615384616 0.20432692307692307 0.24278846153846154
5 0.859375 0.8978365384615384 0.18028846153846154 0.15865384615384615
5 0.7860576923076923 0.7391826923076923 0.23798076923076922 0.17067307692307693