5 0.39663461538461536 0.6490384615384616 0.14182692307692307 0.2403846153846154
5 0.2848557692307692 0.8774038461538461 0.17067307692307693 0.23076923076923078
5 0.7956730769230769 0.6382211538461539 0.19471153846153846 0.19230769230769232
5 0.5048076923076923 0.7608173076923077 0.25 0.2091346153846154
5 0.5 0.5901442307692307 0.1778846153846154 0.23076923076923078
5 0.5769230769230769 0.5300480769230769 0.18509615384615385 0.23076923076923078
5 0.6730769230769231 0.47596153846153844 0.1466346153846154 0.19230769230769232
5 0.8209134615384616 0.49038461538461536 0.14903846153846154 0.20192307692307693
5 0.6358173076923077 0.27403846153846156 0.10336538461538461 0.15144230769230768
5 0.6899038461538461 0.2283653846153846 0.1201923076923077 0.16105769230769232
5 0.3269230769230769 0.43149038461538464 0.08653846153846154 0.20673076923076922
5 0.3798076923076923 0.484375 0.11298076923076923 0.24278846153846154
5 0.46274038461538464 0.3918269230769231 0.11057692307692307 0.16826923076923078
5 0.453125 0.2283653846153846 0.12980769230769232 0.10336538461538461
5 0.5661057692307693 0.18389423076923078 0.1346153846153846 0.10576923076923077
5 0.42427884615384615 0.2800480769230769 0.1466346153846154 0.10817307692307693
5 0.37740384615384615 0.32091346153846156 0.1658653846153846 0.125
5 0.3112980769230769 0.21033653846153846 0.0889423076923077 0.125