5 0.6045673076923077 0.6201923076923077 0.14903846153846154 0.22355769230769232
5 0.5408653846153846 0.6322115384615384 0.13701923076923078 0.23317307692307693
5 0.45552884615384615 0.6658653846153846 0.16346153846153846 0.2692307692307692
5 0.35697115384615385 0.6742788461538461 0.17548076923076922 0.2403846153846154
5 0.3016826923076923 0.5012019230769231 0.14423076923076922 0.1971153846153846
5 0.375 0.4855769230769231 0.14182692307692307 0.2283653846153846
5 0.45913461538461536 0.46875 0.1346153846153846 0.21394230769230768
5 0.5420673076923077 0.45072115384615385 0.14423076923076922 0.21394230769230768
5 0.4735576923076923 0.31490384615384615 0.14182692307692307 0.19230769230769232
5 0.40625 0.31850961538461536 0.1346153846153846 0.19471153846153846
5 0.33774038461538464 0.32572115384615385 0.1346153846153846 0.19951923076923078
5 0.28125 0.36177884615384615 0.12740384615384615 0.18028846153846154
5 0.23076923076923078 0.21514423076923078 0.11778846153846154 0.16826923076923078
5 0.28966346153846156 0.20673076923076922 0.10576923076923077 0.16346153846153846
5 0.35216346153846156 0.19230769230769232 0.11778846153846154 0.16826923076923078
5 0.40384615384615385 0.17668269230769232 0.12740384615384615 0.17307692307692307