5 0.41947115384615385 0.43028846153846156 0.15384615384615385 0.22115384615384615
5 0.5336538461538461 0.47836538461538464 0.22355769230769232 0.15625
5 0.7091346153846154 0.5096153846153846 0.18509615384615385 0.24519230769230768
5 0.8365384615384616 0.5661057692307693 0.20192307692307693 0.21634615384615385
5 0.8701923076923077 0.6526442307692307 0.18990384615384615 0.2283653846153846
5 0.6105769230769231 0.6899038461538461 0.16346153846153846 0.19471153846153846
5 0.6033653846153846 0.8245192307692307 0.17307692307692307 0.1466346153846154
5 0.8533653846153846 0.8882211538461539 0.16826923076923078 0.14903846153846154
5 0.8894230769230769 0.7608173076923077 0.16105769230769232 0.19230769230769232
5 0.4254807692307692 0.6538461538461539 0.18269230769230768 0.2283653846153846
5 0.2980769230769231 0.6947115384615384 0.16826923076923078 0.17067307692307693
5 0.4567307692307692 0.7992788461538461 0.14423076923076922 0.15384615384615385
5 0.34975961538461536 0.7836538461538461 0.15384615384615385 0.13942307692307693