5 0.5 0.5 1 1
5 0.7932692307692307 0.3557692307692308 0.2860576923076923 0.2980769230769231
5 0.8725961538461539 0.19471153846153846 0.2548076923076923 0.3557692307692308
5 0.3161057692307692 0.26802884615384615 0.3076923076923077 0.3173076923076923
5 0.15985576923076922 0.15745192307692307 0.2956730769230769 0.31490384615384615
5 0.3173076923076923 0.4987980769230769 0.21394230769230768 0.28846153846153844
5 0.12139423076923077 0.7944711538461539 0.24278846153846154 0.27163461538461536
5 0.8317307692307693 0.6814903846153846 0.3317307692307692 0.31490384615384615
5 0.45552884615384615 0.9146634615384616 0.25240384615384615 0.17067307692307693
5 0.4387019230769231 0.703125 0.18028846153846154 0.3004807692307692
5 0.5841346153846154 0.47475961538461536 0.22355769230769232 0.20673076923076922
5 0.5769230769230769 0.75 0.20673076923076922 0.28125