5 0.47115384615384615 0.4651442307692308 0.18269230769230768 0.18028846153846154
5 0.4723557692307692 0.3786057692307692 0.1658653846153846 0.20192307692307693
5 0.5901442307692307 0.375 0.24278846153846154 0.21394230769230768
5 0.7007211538461539 0.484375 0.24759615384615385 0.23798076923076922
5 0.5709134615384616 0.6165865384615384 0.16105769230769232 0.16105769230769232
5 0.796875 0.6286057692307693 0.20432692307692307 0.1971153846153846
5 0.38341346153846156 0.21995192307692307 0.20673076923076922 0.1971153846153846
5 0.7740384615384616 0.140625 0.21875 0.20432692307692307
5 0.5444711538461539 0.24278846153846154 0.2548076923076923 0.21634615384615385
5 0.7199519230769231 0.26322115384615385 0.23798076923076922 0.2692307692307692
5 0.9158653846153846 0.19110576923076922 0.16826923076923078 0.21394230769230768
5 0.8329326923076923 0.34975961538461536 0.2548076923076923 0.20432692307692307