12 0.5180288461538461 0.49759615384615385 0.9639423076923077 0.9951923076923077
12 0.3125 0.3545673076923077 0.18028846153846154 0.2091346153846154
12 0.2091346153846154 0.1875 0.18028846153846154 0.2091346153846154
12 0.375 0.20673076923076922 0.16105769230769232 0.18028846153846154
12 0.45552884615384615 0.6742788461538461 0.21153846153846154 0.24519230769230768
12 0.8762019230769231 0.4807692307692308 0.2283653846153846 0.25
12 0.8798076923076923 0.6826923076923077 0.19230769230769232 0.2091346153846154
12 0.7355769230769231 0.6634615384615384 0.23317307692307693 0.25
12 0.6177884615384616 0.5793269230769231 0.20673076923076922 0.24519230769230768
12 0.8713942307692307 0.33413461538461536 0.22115384615384615 0.22355769230769232
12 0.5408653846153846 0.36658653846153844 0.18269230769230768 0.25
12 0.23197115384615385 0.7584134615384616 0.2283653846153846 0.22115384615384615
12 0.16346153846153846 0.49038461538461536 0.17548076923076922 0.20673076923076922
12 0.5180288461538461 0.140625 0.19471153846153846 0.1971153846153846