5 0.5528846153846154 0.6310096153846154 0.13942307692307693 0.22115384615384615
5 0.49038461538461536 0.6081730769230769 0.12980769230769232 0.23557692307692307
5 0.39903846153846156 0.59375 0.15384615384615385 0.2692307692307692
5 0.31009615384615385 0.5492788461538461 0.1658653846153846 0.23798076923076922
5 0.35216346153846156 0.3713942307692308 0.13701923076923078 0.1971153846153846
5 0.42427884615384615 0.3954326923076923 0.13221153846153846 0.2283653846153846
5 0.5048076923076923 0.42427884615384615 0.125 0.21394230769230768
5 0.5865384615384616 0.4519230769230769 0.13701923076923078 0.21394230769230768
5 0.5973557692307693 0.3004807692307692 0.13701923076923078 0.18990384615384615
5 0.5384615384615384 0.26802884615384615 0.12740384615384615 0.19471153846153846
5 0.47475961538461536 0.23798076923076922 0.12740384615384615 0.19951923076923078
5 0.40625 0.2403846153846154 0.1201923076923077 0.18028846153846154
5 0.4387019230769231 0.0889423076923077 0.11298076923076923 0.1658653846153846
5 0.49399038461538464 0.11057692307692307 0.0985576923076923 0.1658653846153846
5 0.5552884615384616 0.1310096153846154 0.11057692307692307 0.16826923076923078
5 0.6081730769230769 0.14423076923076922 0.12259615384615384 0.17067307692307693