5 0.4110576923076923 0.6322115384615384 0.38461538461538464 0.28365384615384615
5 0.8461538461538461 0.8377403846153846 0.3076923076923077 0.24278846153846154
5 0.7536057692307693 0.5096153846153846 0.34615384615384615 0.2692307692307692
5 0.7956730769230769 0.3798076923076923 0.3629807692307692 0.2403846153846154
5 0.5060096153846154 0.49399038461538464 0.4182692307692308 0.25721153846153844
5 0.25721153846153844 0.7283653846153846 0.3125 0.27163461538461536
5 0.06850961538461539 0.47115384615384615 0.13701923076923078 0.20192307692307693
5 0.37740384615384615 0.41586538461538464 0.34615384615384615 0.2091346153846154
5 0.1778846153846154 0.3762019230769231 0.27163461538461536 0.20192307692307693
5 0.296875 0.3076923076923077 0.22596153846153846 0.20192307692307693
5 0.5408653846153846 0.27283653846153844 0.21153846153846154 0.21875
5 0.7211538461538461 0.24639423076923078 0.27403846153846156 0.1971153846153846
5 0.5961538461538461 0.18028846153846154 0.29086538461538464 0.21634615384615385