5 0.5985576923076923 0.4266826923076923 0.12259615384615384 0.21394230769230768
5 0.5324519230769231 0.4230769230769231 0.11057692307692307 0.2283653846153846
5 0.44350961538461536 0.4026442307692308 0.13221153846153846 0.2620192307692308
5 0.34615384615384615 0.4074519230769231 0.14903846153846154 0.2283653846153846
5 0.31490384615384615 0.5853365384615384 0.12259615384615384 0.18990384615384615
5 0.390625 0.5913461538461539 0.11538461538461539 0.22115384615384615
5 0.47475961538461536 0.5961538461538461 0.10817307692307693 0.2091346153846154
5 0.5588942307692307 0.6021634615384616 0.1201923076923077 0.20673076923076922
5 0.5096153846153846 0.7451923076923077 0.12259615384615384 0.18269230769230768
5 0.44471153846153844 0.75 0.11298076923076923 0.1875
5 0.3762019230769231 0.7524038461538461 0.11298076923076923 0.19230769230769232
5 0.31490384615384615 0.7247596153846154 0.10576923076923077 0.17307692307692307
5 0.2848557692307692 0.8762019230769231 0.0985576923076923 0.16105769230769232
5 0.3449519230769231 0.8762019230769231 0.08653846153846154 0.15865384615384615
5 0.4074519230769231 0.8822115384615384 0.0985576923076923 0.16346153846153846
5 0.46153846153846156 0.890625 0.10817307692307693 0.1658653846153846