0 0.8353365384615384 0.8798076923076923 0.18990384615384615 0.21875
0 0.875 0.7752403846153846 0.1875 0.1971153846153846
0 0.9086538461538461 0.6574519230769231 0.16826923076923078 0.20192307692307693
0 0.9338942307692307 0.5540865384615384 0.13221153846153846 0.2091346153846154
0 0.9579326923076923 0.4050480769230769 0.08413461538461539 0.23317307692307693
0 0.6141826923076923 0.7632211538461539 0.21634615384615385 0.20673076923076922
0 0.6298076923076923 0.6622596153846154 0.22596153846153846 0.18028846153846154
0 0.6682692307692307 0.5552884615384616 0.23557692307692307 0.23076923076923078
0 0.7139423076923077 0.43990384615384615 0.24759615384615385 0.23798076923076922
0 0.7596153846153846 0.2932692307692308 0.2620192307692308 0.25961538461538464
0 0.3545673076923077 0.6754807692307693 0.25721153846153844 0.24278846153846154
0 0.38341346153846156 0.5504807692307693 0.24759615384615385 0.22596153846153846
0 0.4026442307692308 0.43509615384615385 0.25 0.2403846153846154
0 0.43028846153846156 0.30408653846153844 0.2620192307692308 0.24278846153846154
0 0.47596153846153844 0.14903846153846154 0.27884615384615385 0.27403846153846156
0 0.13701923076923078 0.2980769230769231 0.24278846153846154 0.27163461538461536
0 0.2283653846153846 0.16346153846153846 0.20673076923076922 0.3269230769230769
0 0.13701923076923078 0.11298076923076923 0.1778846153846154 0.22596153846153846