5 0.8461538461538461 0.34134615384615385 0.2860576923076923 0.38461538461538464
5 0.6682692307692307 0.40384615384615385 0.22115384615384615 0.35096153846153844
5 0.6598557692307693 0.6069711538461539 0.2644230769230769 0.33653846153846156
5 0.6766826923076923 0.8485576923076923 0.2860576923076923 0.30288461538461536
5 0.47836538461538464 0.8509615384615384 0.2403846153846154 0.2980769230769231
5 0.31850961538461536 0.8221153846153846 0.23076923076923078 0.3317307692307692
5 0.22956730769230768 0.6911057692307693 0.2956730769230769 0.32211538461538464
5 0.17548076923076922 0.5480769230769231 0.23798076923076922 0.2980769230769231
5 0.21394230769230768 0.30649038461538464 0.2644230769230769 0.3870192307692308
5 0.3629807692307692 0.4519230769230769 0.2692307692307692 0.2860576923076923
5 0.5625 0.27283653846153844 0.21394230769230768 0.4206730769230769
5 0.8161057692307693 0.640625 0.16826923076923078 0.3245192307692308
5 0.4723557692307692 0.6105769230769231 0.21875 0.31490384615384615