5 0.5180288461538461 0.47475961538461536 0.24278846153846154 0.31971153846153844
5 0.3485576923076923 0.5949519230769231 0.20192307692307693 0.2956730769230769
5 0.3557692307692308 0.2536057692307692 0.23076923076923078 0.3125
5 0.15144230769230768 0.24278846153846154 0.30288461538461536 0.30288461538461536
5 0.6310096153846154 0.18629807692307693 0.25 0.34134615384615385
5 0.796875 0.14182692307692307 0.2692307692307692 0.28365384615384615
5 0.765625 0.36899038461538464 0.2548076923076923 0.23798076923076922
5 0.5637019230769231 0.8257211538461539 0.23076923076923078 0.23557692307692307
5 0.5108173076923077 0.6550480769230769 0.20673076923076922 0.2668269230769231
5 0.2824519230769231 0.8088942307692307 0.18509615384615385 0.31490384615384615
5 0.38341346153846156 0.9146634615384616 0.14182692307692307 0.17067307692307693
5 0.46153846153846156 0.8858173076923077 0.14903846153846154 0.2283653846153846